1.010806938016498179e+03 1.326524894561042309e+09 1.347291413538587309e-07
2.524262835980187447e+03 2.289794548347231674e+10 3.225434456220111585e-07
2.698132033069258796e+03 5.565325538689251989e+07 6.413542842696324890e-07
1.249218641654500033e+02 4.170763913537444615e-08 1.201947849882516976e-06
8.854458912437134131e+03 3.391732255471389844e+13 9.341193977894973202e-07
6.896964880575670577e+03 4.427757240031402344e+13 9.303703568939466677e-07
7.585042858337598773e+03 1.167770535059387939e+12 7.017392549353168384e-07
4.999999999999999289e+01 2.499999999999999185e-03 6.188887860043676147e-07
1.830091310691772435e+02 2.860597150384566224e-03 7.608606534002858388e-07
1.105714523035101593e+03 2.029380072416994696e-02 3.221183319419915834e-08
