8.057235123587794590e+01 4.351516310021588847e-03 4.916330193287868749e-10
5.694555850208945458e+02 8.398426489541266360e-02 8.469833164217198700e-10
6.118732718414220244e+02 1.306236185092128910e-01 7.920756864966153267e-10
8.067120426795710273e+02 1.460926872892262807e-01 1.056651566186405826e-09
1.117113150314715995e+03 6.791821078220573460e-01 1.359449048325782720e-09
6.357967494630884175e+02 1.408127928401919082e-01 8.328257246745239603e-10
4.604658992330456613e+02 7.459728345778812719e-02 7.072894744170602655e-10
5.650850518889157001e+02 1.174989677824105766e-01 7.438907787321209694e-09
5.145788620645912488e+02 8.657963724487920121e-02 7.425579998458249607e-10
6.325164468724997278e+02 2.421180016768525456e-01 8.199238346342060300e-09
6.080150151517573249e+02 1.301776051444523408e-01 8.104870203128091241e-10
