1.237897076193087287e+02 9.919011726416545119e-03 1.145507064117819407e-08
5.989704280061461077e+02 9.065417236580586291e-02 1.327894129805686057e-08
6.409025813666551130e+02 1.459764066627400603e-01 1.063621901894641352e-08
8.467341401473011047e+02 1.649762710397874865e-01 1.359240127009079093e-08
1.157443203514576226e+03 1.015230454316577990e+00 1.216653713299958839e-08
6.667708059621518260e+02 1.579458345732842883e-01 1.111651330427155233e-08
4.815639450044311047e+02 7.839864869631867073e-02 1.251829534138888837e-08
5.650850518889157001e+02 1.174989677824105766e-01 7.438907787321209694e-09
5.406803848201243454e+02 9.349916256031434725e-02 1.130145582196577566e-08
6.325164468724997278e+02 2.421180016768525456e-01 8.199238346342060300e-09
6.549028664902359651e+02 2.599068777582805301e-01 7.582933758898696895e-09
6.436619327666836625e+02 1.420821061791057716e-01 1.046836517998869817e-08
6.929156586105223425e+01 5.000000000000000104e-03 6.410503751664517118e-08
1.106353435014460018e+02 5.000000000000000104e-03 1.806426267524237659e-08
8.572980068013868049e+02 1.353048023561350899e+00 1.125542495295224516e-08
4.635188724867838914e+02 1.576202505180888669e-01 7.984417413957448215e-09
6.887179858979072833e+02 1.129559568201655428e-01 8.026423550190840880e-09
8.400902473533627699e+02 3.539942993073549315e-01 5.233414194166228617e-09
8.929831715413221218e+02 5.733147803880415116e-01 9.158583936214131856e-09
3.854074940629232060e+02 7.175134511504441259e-02 1.005182071347143239e-08
8.660958992769976703e+02 1.820433625864210092e-01 1.365256321533187003e-08
7.808125281142656604e+02 4.375199504666182349e-01 7.666030537337795064e-09
8.576849590808548101e+02 3.513204428748786801e-01 5.245360892966595797e-09
8.320523233587774712e+02 2.166778332583817468e-01 1.210453333579119850e-08
7.339058377301871587e+02 3.868740180866729328e-01 5.621018430502245797e-09
5.102716747079020365e+02 1.622828914853750859e-01 8.751436985618328918e-09
4.367739843504759278e+02 3.494730640151644252e-02 1.915789475986364632e-08
7.009624928836242361e+02 2.274708877324581047e-01 9.780580680277140949e-09
6.065357513225786761e+02 2.428707756307854071e-01 7.884975392769807394e-09
6.583620905538334682e+02 4.720587602633462554e-01 7.626161141992617887e-09
4.848910961075287105e+02 5.554314830394201791e-02 1.418706162496040299e-08
7.664705924984410785e+02 3.028736834053298299e-01 4.004086709609234088e-09
1.294954073982826515e+02 1.044080342735887075e-02 1.170752467515168834e-08
7.054080455334659518e+02 1.086394418550716418e-01 8.270076692960724654e-09
7.768090579221110374e+02 2.266092383626132634e-01 1.072453566709141936e-08
6.428826345080378815e+02 1.839917507200287683e-01 1.050199623911461578e-08
3.162369236772827890e+02 3.335739255734065239e-02 1.474287922000011343e-08
7.764740455936047283e+02 2.569460975933766100e-01 8.883888110172529273e-09
7.463996301145274401e+02 1.000036431980144691e-01 6.610840449916997091e-08
2.522300452378389082e+02 1.605191304917697251e-02 1.769576199799901238e-08
4.524563068986874441e+02 5.213846213058403317e-02 1.378180203586827224e-08
8.481643789859583649e+02 3.585179695829256441e-01 5.401495019329338663e-09
7.052943955672592438e+02 3.334385055219200589e-01 4.080236405671469628e-09
6.761854888616783228e+02 1.315834534551668655e-01 1.019821001517535345e-08
4.676225761814377506e+02 7.840723499295662591e-02 1.222096417372944442e-08
5.883473070809474166e+02 1.915770373921831526e-01 9.648586058225651572e-09
8.852196550948790446e+02 7.591179923260323870e-01 7.312000495909428641e-09
2.846689896090545631e+02 2.326191427621811247e-02 1.612318211059379640e-08
8.379202641420232567e+02 2.706380151694962599e-01 8.178582635047158758e-09
7.992697763711249763e+02 5.052993235501318514e-01 9.382452997291459665e-09
5.748120125153582194e+02 2.323623051236889947e-01 8.036454010855444311e-09
1.031627104756175640e+03 6.042794129213736598e-01 9.821355033211733119e-09
7.976843846491802879e+02 3.956138125367174574e-01 6.330104898770461987e-09
8.963404275226013169e+02 6.832583044346334233e-01 8.768357862191563835e-09
3.626964556637774422e+02 6.658098233338728689e-02 1.006974702219172779e-08
7.219140926966823599e+02 1.741005846881357455e-01 1.172484892434981718e-08
7.217035806669717886e+02 2.007727235287940504e-01 1.145277229324636503e-08
6.043658950362101905e+02 1.625957465117678358e-01 1.015613994089069752e-08
5.984557136818722256e+02 9.142867283519913457e-02 5.618151013494344171e-08
4.546965911109346052e+02 7.829430034950950190e-02 1.193447559952876076e-08
6.367003822084578815e+02 1.023781056766165376e-01 9.673794724586827219e-09
8.411404608548994020e+02 3.896081196999558460e-01 6.388443031740156367e-09
4.694886929957446569e+02 1.526391260475177813e-01 8.047941081340677873e-09
6.921261922219231337e+02 1.436827500473200625e-01 1.128595207910013095e-08
7.817670710830531107e+02 2.209053695417275420e-01 1.117525998992647304e-08
9.953920882680547493e+02 4.509365398728726326e-01 9.963174861720942414e-09
6.397495776670490386e+02 2.003836060919823026e-01 1.030495380469304109e-08
5.390759231008211145e+02 3.782042694148530781e-01 4.151816941511096290e-09
4.765623394234996226e+02 5.956615473584220277e-02 1.355235656977430165e-08
6.774692422871347617e+02 1.694066108753273237e-01 1.114526492410619532e-08
6.745227449936041921e+02 1.498116837335449203e-01 1.116761433196314291e-08
7.320798583787747020e+02 4.828748092152937987e-01 8.601118730977814854e-09
5.181799902551842933e+02 1.925583719130497806e-01 8.622541479684187675e-09
1.916097197970044306e+02 8.370762739560963159e-03 1.777042623871321387e-08
6.344503024570735761e+02 9.162797903480295048e-02 1.350296546055196914e-08
4.392349776651461184e+02 4.027441508935526715e-02 1.485452119493136237e-08
2.006148318243565143e+02 9.150776494257224780e-03 1.788576638121920876e-08
6.774315867949319454e+02 3.104458225739198940e-01 3.599737247130625611e-09
7.751044835381343319e+02 1.164405656089355090e-01 9.509274513094106111e-09
8.829619418287390999e+02 1.579410225782059418e-01 1.419238514490188089e-08
8.094335296911243631e+02 2.229399351475976065e-01 1.136446679165989353e-08
9.435729737827687131e+02 2.923550074972683377e-01 5.702516800896982749e-09
5.271998365422623465e+02 3.360296624109621044e-01 3.286176832438305171e-09
1.243725150646620705e+03 3.100397683202210097e-01 6.358006893510943760e-09
1.126102507920104699e+03 2.292039334613394930e-01 1.441064224244955004e-08
1.039738255964232849e+03 2.651514686245050600e-01 1.073179912593558328e-08
1.121264335941768650e+03 3.172489120892797665e+00 1.130244230894965873e-08
5.807960601004552927e+02 2.653233510147491869e-01 6.655282135426208011e-09
6.464240262678246154e+02 5.789706861760768319e-02 1.768604363743453608e-08
7.958214959799463486e+02 9.586364677798876743e-02 1.407982577984318681e-08
1.078711874289788284e+03 3.270243985330086312e-01 5.678205860336035240e-09
8.714614719765161226e+02 2.547177780635708766e-01 9.904913893155129106e-09
5.276471102982525281e+02 1.705427376297570519e-01 8.946581961236989441e-09
9.064527850512376972e+02 1.477971593487649171e-01 1.451553239145241078e-08
1.080152449816107037e+03 1.733044081010966242e-01 1.667662921595962800e-08
9.968554615476714389e+02 1.472205805038148685e-01 1.579546512628833375e-08
8.401309485297101673e+02 2.220136259749648788e-01 1.179552836649958763e-08
7.861742940422736865e+02 1.587081539381514528e+00 1.164684295834536273e-08
4.237046349094779316e+02 2.321278504790021402e-01 6.234690661310222397e-09
8.642260011836466447e+02 1.282876982906615837e-01 1.238297069218736153e-08
7.700801741633526944e+02 7.815822762311920580e-02 1.830540340388131045e-08
1.115246300918035331e+03 2.408180554348151037e-01 1.326493713777386422e-08
9.405867666796356161e+02 4.145815735760284282e-01 8.030373957840233605e-09
5.970424468689825517e+02 2.116085826656394775e-01 9.426438729743481261e-09
6.693601774354245890e+02 7.738623242546903702e-01 6.052753649147782011e-09
4.985058065835526122e+02 7.482278352775663388e-02 1.256895894069424878e-08
5.475252533043210406e+02 6.719049441629593167e-02 1.436430353690576111e-08
5.687754042983644922e+02 7.545137338426659290e-02 1.404808124337431445e-08
6.760185570182670745e+02 2.221729111735371021e-01 9.803442600656676160e-09
9.043463076071576552e+02 4.889922829762509138e-01 1.041390938660716243e-08
5.071719818358048428e+02 2.775548009333820842e-01 4.712905163146001921e-09
3.957134003187393887e+02 7.025555486038448372e-02 1.044979980705015629e-08
3.578572865847315256e+02 4.571285450767157560e-02 1.199480426504447528e-08
6.019987832634983533e+02 1.028100839177238518e-01 9.165211012809077841e-09
5.328972058563751943e+02 1.448033056828083864e-01 8.921310211535808441e-09
7.691704085442294172e+02 1.675242796096984454e+00 1.178537079858620115e-08
3.839497168051755693e+02 1.069758495330914938e+00 6.514358847404087081e-09
1.020901765317745316e+02 5.000000000000000104e-03 8.320676132066228702e-08
1.382808470167132100e+02 1.080517125422500446e-02 1.225249004898342580e-08
1.094098043744369875e+02 5.000000000000000104e-03 5.163761591979139188e-08
5.464398844442754353e+02 1.134156630285178824e-01 6.709521364455380551e-09
7.319492536622294665e+02 1.222062164498145753e+00 1.012144649057602574e-08
2.095682471561222826e+02 9.084498283683305198e-02 5.593004827101845576e-09
3.589936212427804776e+02 1.191095895573106578e-01 5.086600839619250223e-09
2.227580741799015982e+02 4.253635104524347565e-02 8.139780061557872724e-09
1.265696117361233775e+02 1.449667037845990374e-02 1.041982421508743378e-08
3.694014742369176361e+02 3.388709052793033027e+00 3.320862035199770440e-09
2.023517037563920553e+02 1.353681693123452712e-01 3.222037076496308175e-09
3.794082828358134520e+02 2.852109727815167473e-01 3.185276953216344414e-09
2.414194890723497338e+02 6.361407917839860537e-02 7.257553276144724327e-09
1.501525924102088254e+02 3.043683839466437141e-02 8.082316641517148699e-09
4.403026138180417774e+02 5.529321387475167882e-01 5.323986428581843875e-09
1.681744372321099092e+02 1.253209806615094291e-01 2.386015800167173101e-09
4.805621725126545698e+02 2.510891537472656476e-01 6.196441079797806463e-09
4.533892852714283777e+02 8.939464732096445709e-02 4.322831966673009368e-08
1.463799760250520023e+02 3.437496414065458611e-02 7.319671369322579938e-09
3.326081601756006307e+02 3.335516435291890902e-01 2.281104368004210195e-09
2.331816856773851043e+02 1.128987234873921192e-01 1.840812340430641949e-08
3.626207509381383716e+02 4.854877843769498935e-01 4.879015281099193618e-09
4.614547049668391310e+02 1.038464136811758642e+00 6.689310718450192579e-09
4.670449394079699346e+02 2.123214541873212458e+00 6.411988180066059121e-09
3.071182618271648153e+02 4.669887316552406298e-01 4.027011853675796156e-09
2.058731481613573351e+02 7.997941554876804304e-02 2.171650198449577187e-08
3.942539753272201324e+02 9.256105266034879431e-02 3.681170459707545413e-08
4.916900259598796197e+02 1.124764745453560977e+00 7.739755266729965181e-09
4.004682499950765759e+02 2.902026475785197124e-01 1.803675133566324007e-08
3.123487370750560217e+02 1.299092132851309422e-01 2.611422219398945037e-08
2.869517331661159574e+02 8.602906227878164280e-01 3.885428402465031932e-09
3.918899140709572180e+02 2.146255590282547254e-01 6.469637389611805545e-09
4.927569231709219366e+02 1.083012888509415905e-01 4.157653829767516495e-08
3.314303677348505630e+02 1.563435350787483469e-01 2.508857994179725829e-08
4.607438419774580325e+02 5.000000000000000000e+00 3.219041578693675109e-09
7.349111289464006802e+01 2.086885029166226507e-02 3.901825014408627260e-08
7.491764610606890074e+01 5.000000000000000104e-03 9.058661457679403888e-08
4.159727367611712339e+02 8.399014213480332502e-02 4.123635972622751161e-08
3.168306970816840362e+02 1.707992825403712167e-01 5.641201493816104015e-09
3.276617464050974036e+02 1.955843088339634717e+00 4.635602464425248149e-09
3.210047873895735506e+02 1.256344951191003645e+00 5.619972739965603128e-09
1.171499067966297645e+02 1.133054244326559268e-01 1.886211681076887292e-09
5.019267256322551702e+02 7.118964395850604365e-01 5.279161139255893869e-09
4.082588692879497785e+02 4.706270103468630506e-01 5.154202049452442911e-09
2.965261541581759275e+02 8.749339858002845582e-02 2.870806248812124282e-08
1.855655222523082273e+02 8.020027409730087764e-02 1.930127808077306965e-08
1.152458042549445452e+02 1.299064320958877861e-01 8.241314550784224453e-09
2.023335974100691317e+02 2.780418845783238169e+00 2.070457462822734981e-09
4.206335124651545243e+02 2.608495974166570863e-01 5.248174653378032241e-09
4.668332027572965330e+02 7.027458281101274240e-01 5.091865648801081498e-09
2.792306100124761770e+02 2.870113449301613939e-01 2.406435237601036128e-09
2.652756650643710827e+02 8.014990248411216212e-02 2.753897683959136734e-08
2.598211975120689772e+02 4.508517033879850811e-01 1.476942227123237756e-08
8.168661589736149153e+01 2.199776645675316500e-02 2.157331783703625364e-08
1.067483831083156929e+02 5.000000000000000104e-03 1.028586756945870084e-07
9.128150447287774227e+01 5.169748960468821819e-01 1.226503195553152094e-08
7.097431419519386964e+01 5.000000000000000000e+00 7.302364858257838659e-09
1.543574777623442174e+02 6.037050477073500898e-02 4.854125155588003917e-09
4.823297017951114185e+02 4.405495763735109982e-01 5.223311726009830736e-09
3.716494099638331932e+02 4.410568220986336163e-01 4.248193396904286315e-09
3.161404994416438967e+02 4.891624307043387354e-01 4.399834114410196569e-09
1.115279515805486170e+02 3.475331872501568470e-02 5.592524698645887850e-09
1.190386041492746472e+02 4.013983368770824428e-02 4.863369439015260419e-09
4.077459442087631487e+02 2.944093701465659296e-01 2.756322910537974063e-09
3.788098774515797231e+02 1.004779915729808515e+00 5.921832615817157022e-09
2.627035245197328663e+02 4.536244532194827483e-01 3.371836538480279071e-09
2.714134841505760392e+02 9.438760649831159366e-01 4.720399172878017549e-09
1.304523261660495166e+02 4.441206301236930165e-01 4.306760481690854978e-08
4.878990749296347644e+02 4.973401425168356704e-01 6.312469523468064062e-09
3.629831917664346292e+02 6.614537580362347402e-01 4.487570632543081757e-09
2.329458631375825348e+02 5.000000000000000000e+00 1.398936617612092079e-09
1.617854506234772316e+02 6.834000966565658697e-01 2.396280483198221035e-09
7.193688680877178854e+01 8.692864894176151325e-03 5.792725399282751168e-08
3.314256371119338951e+02 1.971718279164722809e-01 5.790400246858417932e-09
2.571517119890447702e+02 9.898600678333097092e-02 2.307040435228352453e-08
9.705612240294244941e+01 9.149698118233934307e-02 6.373418210599520850e-09
1.349649719773722438e+02 2.358143564529327219e-01 2.161006306814120145e-09
2.386388557770292209e+02 1.441875821681493086e-01 4.119238739196339137e-09
2.968514988454959962e+02 1.102897339737331617e+00 5.272763441876458722e-09
2.492522622132669881e+02 1.569101633740881407e-01 1.537604578625238681e-08
2.638006094245480995e+02 2.903526330503533592e-01 2.142406659705588075e-09
2.369798033227832548e+02 2.412289497750933265e+00 8.224929478673794775e-09
3.570105325131610243e+02 2.097610083815864557e-01 6.117325339108193350e-09
3.712167661136364814e+02 9.997555716079092880e-01 5.832548195225961765e-09
2.643987455880562152e+02 9.980300506292150153e-02 2.359487203500784797e-08
2.031764362530631445e+02 1.950728655539026857e-01 1.066264835609042050e-08
1.142363768852956554e+02 3.951017289803291921e-01 3.757388561841748678e-08
1.353196292003734982e+02 2.433003225767103594e-01 2.064500586214045205e-09
4.150155826481746999e+02 4.162371260215964042e-01 4.125501289806849222e-09
3.760071877401531992e+02 1.422415405440704828e-01 3.183841117151271597e-08
2.928452657417038267e+02 7.181204013693451849e-01 3.442579219522633816e-09
2.216370028509804797e+02 1.933249888855913090e+00 3.064044540462105750e-09
1.763752425887118420e+02 2.326075306993017344e-01 2.849743752891100963e-09
3.082731139675316285e+02 8.376019180642650663e-02 8.899886477232057627e-09
4.331233333960285563e+02 5.969425241431508544e-01 5.292207212338903690e-09
3.038332640458738183e+02 6.133651132292526897e-01 4.187719355447256362e-09
1.939444994437770617e+02 2.417755356308702308e-01 2.955886501524203876e-09
1.589188964791633509e+02 1.232935850587520976e-01 9.596869160725207597e-09
3.490852006956737341e+02 2.433861828012184314e-01 4.966463120673363558e-09
3.324299496471355155e+02 8.169308825640140270e-01 3.798629582322749974e-09
2.685063749465302294e+02 3.782223322817014344e-01 2.372023729297932641e-09
2.500351206392722645e+02 1.914155709720285203e-01 1.337774147425893615e-08
2.303140767309751880e+02 5.740308995968357308e-01 3.231583321218526817e-09
3.699500832172882951e+02 3.359748814946397211e-01 2.508429753795118417e-09
3.508960447968710241e+02 9.380693174816856494e-02 3.251070466707763847e-08
2.734606451414240382e+02 4.292178483399215483e-01 3.152215536465555350e-09
2.537828718891740607e+02 3.012567143416318149e-01 1.350057651715320160e-08
3.976499155408722572e+02 9.394065665082394767e-02 3.038484806712637668e-08
3.237517490855435085e+02 1.133538914584790280e+00 5.754496860506531496e-09
3.753115770600357450e+02 2.447216279358999103e+00 4.598652966505872700e-09
2.684244490384149913e+02 1.277056020591554875e-01 2.097173472805291124e-08
4.721171694503641447e+02 4.500295987813043852e-01 5.351752803027857734e-09
3.307225722900540745e+02 2.961836545973498547e-01 2.249666456258916547e-09
2.119105714849444553e+02 8.912920177982822101e-02 2.031080233195847753e-08
3.226362239665694460e+02 1.263562236172678377e-01 2.691554740547884958e-08
4.189933258699475687e+02 2.108346204743963281e-01 7.006916286219002347e-09
4.354242557164159848e+02 2.909780279933547043e-01 3.129648810391730524e-09
3.477801790522293004e+02 9.186976061350214939e-01 4.979162351679521498e-09
3.710817287035391701e+02 1.565183281943097193e-01 3.054468974824903012e-08
3.049283022769946001e+02 7.924536595337164924e-01 3.438019692397277102e-09
5.758963506530716359e+02 2.841030007669790303e-01 4.533968539855515865e-09
2.629885831781114689e+02 7.287522056679859861e-02 7.349009489572007695e-09
9.109798620877587894e+01 5.000000000000000104e-03 7.798529512353855553e-08
4.769248901728375358e+02 1.146463749233530782e+00 7.847882312134697300e-09
5.292875057947289861e+02 3.369260989627430036e-01 3.314506933805865998e-09
5.665729604898931484e+02 2.849681252714986179e-01 4.391926807799706403e-09
5.641864397588934708e+02 2.445868808094969205e-01 7.351886197987990240e-09
3.339100468834610069e+02 1.580439271712417992e-01 5.876689995836815590e-09
1.173538613940555564e+02 5.000000000000000104e-03 8.154135318578034389e-08
2.898489115109841237e+02 3.461333708786570873e-02 1.342767138613915517e-08
7.443184066420870977e+02 5.219116081282951791e-01 8.640936520894652443e-09
7.692133745417788759e+02 3.208855676928375478e-01 4.150119249891673982e-09
8.925825910709579603e+01 5.000000000000000104e-03 3.247245146328207914e-08
7.099276820502799410e+02 1.353568560895837269e-01 1.096738934132989225e-08
1.051559032634179857e+03 5.000000000000000000e+00 6.999135650147100574e-09
6.072465705943545800e+02 1.672844479029572118e-01 1.015186098643257288e-08
3.911888111627136766e+01 5.000000000000000104e-03 5.993978229278070624e-08
2.166059943893537252e+02 6.831383387386878552e-03 2.167014313491637141e-08
1.139523684543072477e+03 2.267902142335402327e-01 1.479251594210430717e-08
7.909873126491731909e+02 1.694987710247755075e-01 1.275574407626576759e-08
1.827633458440458014e+02 9.147175501329742053e-03 1.652488238157996788e-08
1.349679264658628313e+02 5.000000000000000104e-03 1.291992162291714942e-07
1.174654780841901811e+02 5.000000000000000104e-03 2.073693058126115633e-08
9.590254229175259297e+02 1.182087892011854935e-01 1.166163066299015289e-08
1.027115327639408179e+03 1.593817669446446761e-01 1.614559698321155721e-08
9.976020569688720343e+02 2.215309827768989770e-01 1.368212157769492299e-08
3.320561777843841611e+01 5.000000000000000000e+00 7.995077794871342667e-09
3.445529263610695807e+02 1.945304806312867646e-02 2.050167892787291856e-08
5.185144214579033815e+02 3.230878996847966200e-02 2.312181976404938292e-08
6.953101723634508744e+02 7.908680676184969005e-02 1.696820662091637003e-08
4.614478651352598604e+02 6.022934357888037882e-02 1.312623908478535895e-08
7.372821933724000587e+01 5.000000000000000104e-03 5.605699009776644239e-08
2.344979886491813659e+02 7.001177271394405134e-03 2.260788121167056043e-08
8.360263998053770820e+02 1.086158727593326406e-01 9.213019190515580856e-09
7.058666067347675153e+02 1.126147533644059479e-01 8.114895038407310879e-09
3.984596549960897960e+01 5.000000000000000000e+00 1.145143121493463635e-08
1.150238740419757733e+02 5.000000000000000104e-03 3.796754551437868731e-08
4.305390223595925931e+02 2.608295422974694910e-02 2.233650581993692358e-08
8.186683320514882780e+02 2.046122550322898026e-01 1.275818503051962799e-08
3.228775523429400351e+01 5.000000000000000000e+00 9.556964520720574323e-09
1.283094980973384338e+02 5.000000000000000104e-03 2.970510107110055050e-08
1.450471453793479668e+02 5.313299211035487322e-03 1.865181433842788889e-08
4.947817381907513834e+01 5.000000000000000000e+00 1.366524349579122743e-08
8.445010965466300377e+02 1.487105239486754271e-01 1.363239024737557138e-08
7.852930433558755112e+02 1.159569015492243615e-01 9.507358899458339591e-09
2.954730084937909496e+01 5.000000000000000000e+00 1.031021141399168948e-08
6.010687747538581789e+02 6.625582179941300054e-02 1.567697194540905381e-08
8.264122585373862648e+02 2.423133584891680181e-01 1.023867207270843426e-08
7.289025472384320210e+02 1.015298274128930422e-01 1.094793659656683266e-08
4.628782617852446606e+02 6.384171497771293224e-02 1.282205392525696862e-08
1.113347199285848774e+03 5.070724060525966248e-01 1.228389777510222242e-08
6.073373361767154393e+02 6.744053435610923575e-02 1.568650302565013345e-08
5.794544779011525861e+02 8.168024953524162524e-02 1.487538550134209358e-08
7.045707183154074755e+02 1.909916611057846658e-01 1.130731599254976761e-08
7.659087465678882154e+02 1.801106386397528791e-01 1.228151592730389357e-08
9.706562034483292223e+01 5.000000000000000104e-03 2.289722766630089142e-08
3.603294450352491936e+02 2.454507132032357833e-02 1.950794986694548946e-08
1.474830229933749877e+02 5.000000000000000104e-03 1.951539238490100482e-08
6.402278397692565477e+02 1.113165719799909664e-01 7.299602681471048331e-09
1.105645701796089071e+02 5.000000000000000104e-03 2.759859159348464906e-08
7.553298271083637019e+02 1.516969481675954357e-01 1.237610619388638606e-08
5.061435428808464962e+02 5.665819985320508928e-02 1.457274744700719165e-08
6.239644925656521082e+02 9.191180187380600108e-02 1.321892426738197035e-08
8.551143230889744018e+02 1.392434555762619430e-01 1.322461383903469640e-08
8.833579318843255805e+02 2.252560045867873784e-01 1.205500539229257208e-08
9.990648399614913160e+02 2.874318494431320481e-01 6.606314083364515046e-09
8.715062048433877635e+02 1.628203592725466498e-01 1.396785635319702935e-08
1.268096916289100591e+02 5.000000000000000104e-03 1.635855273543191671e-08
3.598751072446743251e+02 3.785493648304337488e-02 1.407067692210672974e-08
1.078684929970504299e+03 2.935928124181170773e-01 6.254177078520682421e-09
1.558890041208884725e+02 5.861642092513521390e-03 1.835322667456598959e-08
7.180910855511432374e+02 8.289057862697168932e-02 1.787072019155830272e-08
1.168939303168960748e+02 5.000000000000000104e-03 3.574840753268648470e-08
1.421800498846126288e+02 5.951005185607885495e-03 1.676730003415403292e-08
9.552186154817262604e+02 2.059786371846671071e-01 1.459464827649523248e-08
5.794571818286755160e+02 8.895162627631732211e-02 1.357792705695787766e-08
6.399273141696390894e+02 9.136684771153306961e-02 1.369762059581369794e-08
6.724609309740388881e+02 1.057537843534709782e-01 8.927450939987991270e-09
3.952629958358742783e+02 5.991388621806219977e-02 1.155683256834330671e-08
1.089765765554434864e+02 5.000000000000000104e-03 1.410796775863090026e-08
5.513696530123930870e+02 6.544803207380257837e-02 1.467219795609028107e-08
1.063337746502396044e+02 5.000000000000000104e-03 1.983647928965434818e-07
2.484649324118866787e+02 1.885371677261987386e-02 1.554967610236507275e-08
2.704765520264423913e+02 3.670378253124414319e-02 1.166651578349461079e-08
1.062510456696545305e+02 5.000000000000000104e-03 1.368877460024327908e-08
8.618466349758865590e+02 2.319299149905973689e-01 1.131747078030178647e-08
8.171124190029092915e+02 2.285886474307094740e-01 1.105299696518203785e-08
1.094125222902685834e+02 5.000000000000000104e-03 1.757294514082406510e-08
1.150554354343004064e+02 5.000000000000000104e-03 5.386349805625825801e-08
3.665050810965886399e+02 3.490648224628007529e-02 1.643835091433418542e-08
5.797068723241911812e+02 1.845689703546974092e-01 9.584381575841848624e-09
9.059216031459700389e+02 4.186266759113832503e-01 7.944439992275669483e-09
1.103076628908966654e+02 5.000000000000000104e-03 9.522728063749534585e-08
2.685607911012272666e+02 2.802922619193964557e-02 1.416519641537464014e-08
4.196976014013980034e+02 4.440265185767991452e-02 1.383348325606835402e-08
2.913959420441651105e+02 2.638613594833254250e-02 1.563339214599634015e-08
4.147459138163357011e+02 6.113102636668046874e-02 1.192496422705636257e-08
1.069491978536444918e+02 5.000000000000000104e-03 1.064192996624599128e-08
7.536396996464567337e+02 4.553796671143245933e-01 8.016774405853198643e-09
8.600167170370351641e+02 4.790375525154402792e-02 2.498342373520449305e-08
9.779249870004057357e+02 6.937157648273392652e-02 2.293202124146819195e-08
1.323593199388747962e+03 2.037913769134434561e-01 1.943296494872299587e-08
1.878355852395705767e+02 5.000000000000000104e-03 3.414456073243460178e-08
1.042248210249352496e+03 1.140536621919370913e-01 1.131728885335258614e-08
1.147718007078521396e+03 6.935738311632844155e-02 2.612954029856306197e-08
9.337005864587955557e+02 8.584964841472687846e-02 2.163281420842992953e-08
4.005022180575665516e+02 2.033279418450761530e-02 2.302649251836685102e-08
1.139991397551808632e+03 1.446878735205574529e-01 1.748601225923227860e-08
5.911405159099405182e+02 5.915038559120773531e-02 1.626585825132456119e-08
4.415781246376022864e+02 1.520952631122111411e-02 2.905773388701412208e-08
5.138522449801940866e+02 3.299548498675303199e-02 2.268468490138567786e-08
6.021390903793824236e+02 4.374592954330255162e-02 1.887965307884396703e-08
6.635318038327980048e+02 5.291503084356266595e-02 1.883250184300548133e-08
2.274677152563967013e+02 6.330724591778018329e-03 2.403138503192401886e-08
8.522171648109310809e+02 8.206461815226841205e-02 2.043960597381583911e-08
1.231850635978165656e+03 1.406325739597359126e-01 1.819832512472157437e-08
1.184827832909670178e+03 1.230074211274331253e-01 1.516017630580648998e-08
7.711996043977131876e+02 5.212732249279479479e-02 2.149984727734390344e-08
6.270754086720339728e+02 3.057223715095496244e-02 2.810761666508702364e-08
1.516926937661214652e+02 5.000000000000000104e-03 1.597812191780366311e-07
1.900918930307240942e+02 5.000000000000000104e-03 1.598611325564537224e-07
8.858590540795362358e+02 6.091150102452358439e-02 2.240651082487556066e-08
1.418071495449429165e+02 5.000000000000000104e-03 1.775860469918210213e-07
7.706872823086583821e+02 5.710006684921695858e-02 2.057379961264928078e-08
7.231320063222813133e+02 6.877998741363838819e-02 1.796623877822008324e-08
7.011232672562821335e+02 4.796175469386137341e-02 2.105000665090969307e-08
1.046207994592157320e+03 1.138359892983239890e-01 1.129176910692752379e-08
8.714905361180470891e+02 7.947470826393990273e-02 2.042675037810002739e-08
1.331320755577269495e+02 5.000000000000000104e-03 1.048571560036322830e-07
7.070339639871015152e+02 7.216477320479124102e-02 1.701641387803309012e-08
1.323621061207745413e+02 5.000000000000000104e-03 1.702219484812473513e-07
1.017958345466805326e+03 1.115478878343621194e-01 1.043543823370615862e-08
7.141919644437128909e+02 4.803894601004798232e-02 2.137432788875185607e-08
1.161773037349585366e+03 1.492638677168555694e-01 1.802391158950964393e-08
2.155394302573829179e+02 8.206236292090976839e-03 1.978176082625121986e-08
7.700454031115242515e+02 1.160695764936283542e-01 9.387057371401158465e-09
7.856173045840869236e+02 6.980447837404195333e-02 1.911218135856713285e-08
1.370717600997109002e+03 2.059265743808052218e-01 1.996451954352098409e-08
1.243270161639389244e+03 1.636306751235995782e-01 1.894690890371119869e-08
2.538910083926249968e+02 1.980713947653076415e-02 1.553788579146186477e-08
4.282611526799963713e+02 3.619493262310940346e-02 1.775935629600364875e-08
8.245994042879327708e+02 8.388684722275349670e-02 2.014141842828036797e-08
9.293653955062663954e+02 9.508825262423697966e-02 1.619139847545023448e-08
1.127573563462386119e+03 1.066683541608415692e-01 1.201573585004207954e-08
2.563997374142817876e+02 2.220502140018040110e-02 1.495199954748320654e-08
4.215337306812564293e+02 3.491391303207952435e-02 1.857678780780276167e-08
5.251935578584414088e+02 4.173726648770389319e-02 1.707130152333019536e-08
6.159252554125033612e+02 5.530965819928061050e-02 1.734647366888796938e-08
2.921369851796640660e+02 7.961003292257705366e-03 2.584820431127383467e-08
4.554447521820204088e+02 1.272490071569816125e-02 3.376206310773321900e-08
8.111085056827365634e+02 3.871031705466506517e-02 2.658891761080653660e-08
4.265200942638090282e+02 1.493750323923431420e-02 2.860932808328674821e-08
1.263171286338431401e+03 1.174574205293881651e-01 1.421143513935159437e-08
8.018031437943925539e+02 4.961537974220189134e-02 2.345520334338171640e-08
8.905220651718266254e+02 5.843139028255259909e-02 2.292776129323582343e-08
3.622579759562899540e+02 8.617445631675470230e-03 3.006812203347869351e-08
7.962875748909034428e+02 3.557097952570964505e-02 3.112532793793195460e-08
1.554183638597706079e+02 5.000000000000000104e-03 1.555034281996292316e-07
6.974026081789618274e+02 4.064494578586166917e-02 2.187260098041394657e-08
7.186206155376927427e+02 4.531516785402768532e-02 2.166511446089465360e-08
6.821919509389905443e+02 3.878887261936872499e-02 2.294438082247810620e-08
2.256152549788704960e+02 5.000000000000000104e-03 1.883417617424509472e-08
1.225318772954811948e+03 1.168731609653920755e-01 1.369716312617954595e-08
1.040464274578526101e+03 8.765250792847317785e-02 2.231606342980482275e-08
8.278423692214123548e+02 7.082766422667848005e-02 1.980678550461521392e-08
7.308838880473766721e+02 3.877033613031263815e-02 2.430781688884745588e-08
9.004938834570002655e+02 7.243031230629931594e-02 2.094436408191682668e-08
9.449312447019685806e+02 7.022146062413220369e-02 2.218093578094890680e-08
1.122858821433587536e+03 8.934034007042153391e-02 2.245746583419470034e-08
8.961602242214497664e+02 9.222626795272780009e-02 1.727445250396984161e-08
7.688820600830134708e+02 4.863474807429059993e-02 2.270389573931282156e-08
2.341015644210538369e+02 5.000000000000000104e-03 1.253445372999116751e-08
5.647788703076892034e+02 3.113850422403355994e-02 2.540242786755362921e-08
6.821168659967975145e+02 3.708979225262859503e-02 2.510210477572502408e-08
1.071781328343073938e+03 9.835577072955398181e-02 1.603832680286661694e-08
7.925951816517308544e+02 4.544889097665902322e-02 2.350276714199369550e-08
8.362881632822801521e+02 4.107176172340956666e-02 2.538740973844120150e-08
8.966812522544304329e+02 4.950843636312028673e-02 2.576205124494494373e-08
1.295333196107009144e+02 5.000000000000000104e-03 2.608258848212928784e-08
1.604097098572422908e+02 5.000000000000000104e-03 1.670676703267748736e-07
5.893634229566328031e+02 2.816794356717602227e-02 2.867984938467380342e-08
8.854202607255867861e+02 5.596806934292392760e-02 2.326727818286324813e-08
1.102024241246781685e+03 9.028679935080859142e-02 2.148183874990291292e-08
7.478838122737367939e+02 5.422712938706895913e-02 2.054999734880748385e-08
5.304975033710470598e+02 2.386268415238846502e-02 2.778771310938445664e-08
1.395202009010462234e+02 5.000000000000000104e-03 1.442555363788303530e-07
1.027815886542221506e+03 5.844380491731158977e-02 2.577227937138240010e-08
9.190720962121625917e+02 5.729825918667196677e-02 2.373557777996785543e-08
8.775837333569988914e+02 6.809070664122610084e-02 2.115795874782750527e-08
6.588879056418461460e+02 3.456911701978555851e-02 2.754119139253450278e-08
8.099278111607811752e+02 5.032829539923523721e-02 2.352289938709904231e-08
4.457858012963728811e+02 1.211573033774625274e-02 3.431329004122687106e-08
5.972660236353153778e+02 2.716561447914449257e-02 2.940273222618405088e-08
4.813071134025662445e+02 1.481351542469327640e-02 3.175180998802511573e-08
2.537793714610292568e+02 5.026613550678453446e-03 3.115438752548221034e-08
1.255560089430563551e+02 5.000000000000000104e-03 1.883415490801321873e-07
1.813587129085979655e+02 5.000000000000000104e-03 1.670233634940375444e-07
3.006452486082519613e+02 6.911722977791177371e-03 2.791138732779195201e-08
1.005052348110932030e+03 6.275932962376691571e-02 2.450883627277978930e-08
6.063035454200735330e+02 2.262892911442711957e-02 3.185143601432807696e-08
1.687124731445927353e+02 5.000000000000000104e-03 2.030096826913906173e-07
6.057185978581992458e+02 2.476268130126375866e-02 3.079065033591575894e-08
5.188837485985750391e+02 1.809379533424214370e-02 2.983671888146704070e-08
8.261923649487017656e+02 5.174807010272646640e-02 2.300407439046165060e-08
1.275623975425771874e+02 5.000000000000000104e-03 9.665570687084457302e-08
1.414689874065717277e+02 5.000000000000000104e-03 1.724136810661235266e-07
2.717249989553150726e+02 5.000000000000000104e-03 1.201352169215201373e-08
1.405535811694549579e+02 5.000000000000000104e-03 1.960046643093952342e-07
6.258555374789498273e+02 2.945756282644883955e-02 2.915036927902516456e-08
1.215307824985430187e+02 5.000000000000000104e-03 8.365201282904011862e-08
2.360861976850277131e+02 5.000000000000000104e-03 3.169439349544856489e-08
3.433482924517352330e+02 7.219943197810443740e-03 3.068412439316002229e-08
1.476969106016358637e+02 5.000000000000000104e-03 1.772810965061993452e-07
1.255587854644703754e+02 5.000000000000000104e-03 2.026074496977142569e-08
1.502225923266700249e+02 5.000000000000000104e-03 3.280913822328635505e-07
1.794291820591082853e+02 5.000000000000000104e-03 8.804626560094834441e-08
1.474508580581420460e+02 5.000000000000000104e-03 2.811832454318050080e-07
1.196442486222230315e+02 5.000000000000000104e-03 3.798948330105297489e-08
1.264963902029022620e+02 5.000000000000000104e-03 1.771790862119493574e-08
1.462975202319645973e+02 5.000000000000000104e-03 2.484256242010616035e-07
1.349640736034128565e+02 5.000000000000000104e-03 1.627959048859710981e-07
1.232038862027299189e+02 5.000000000000000104e-03 1.230421705500347729e-07
1.201720244265237483e+02 5.000000000000000104e-03 4.680635868703951172e-08
1.575290646775364678e+02 5.000000000000000104e-03 1.159036419942039803e-07
1.793519478146725135e+02 5.000000000000000104e-03 1.040995504550445169e-07
1.314553523139531706e+02 5.000000000000000104e-03 6.926565969508165558e-08
5.175062348330933446e+02 1.782178221850989897e-02 2.969267530024571961e-08
1.460974537438520997e+02 5.000000000000000104e-03 2.544598673222745537e-07
4.097754232120294091e+02 1.134281428119139450e-02 3.279922982507350390e-08
3.519438526937307756e+02 1.066136592515589884e-02 2.810475321010132445e-08
1.389552916988285460e+02 5.000000000000000104e-03 1.556438966945946584e-07
2.159007769592939781e+02 5.000000000000000104e-03 8.292091188357934174e-09
2.620068998246995875e+02 5.000000000000000104e-03 1.263779540412333459e-08
7.200146766874788682e+02 3.669725501678716695e-02 2.681971945244769892e-08
1.467041885188021695e+02 5.000000000000000104e-03 2.566829650247338402e-07
2.490775006188949590e+02 5.000000000000000104e-03 3.395053001443794771e-08
1.361698367008242201e+02 5.000000000000000104e-03 2.047223749729843164e-07
1.702350164007315243e+02 5.000000000000000104e-03 1.329507054847795600e-07
2.997747692277723104e+02 6.206006145697843569e-03 3.045975434161719920e-08
4.857098039213974516e+02 1.289570634941863275e-02 3.526443390154551914e-08
1.564920234288113647e+02 5.000000000000000104e-03 3.330894963784908475e-07
2.417560622519289382e+02 5.000000000000000104e-03 3.615640695200337800e-08
4.030844940563683849e+02 1.076417084950986001e-02 3.187364900503539450e-08
3.390466752855867298e+02 7.529603430543812571e-03 2.989197387177795792e-08
9.031095854158752445e+02 3.842178255165052542e-02 2.951618700711997809e-08
6.496462061746640302e+02 2.144962558224902671e-02 3.449689464680163814e-08
6.888650792968227279e+02 2.137820453750319261e-02 3.635183380304374357e-08
5.430491538888674086e+02 1.822667918807348297e-02 3.106780697063785304e-08
6.065055345549792492e+02 2.827234754888314008e-02 2.936657523860223395e-08
5.755561102985207071e+02 5.493228314605651946e-02 1.644715789986449195e-08
4.841874546552060679e+02 6.201308497260264035e-02 1.348699316216491239e-08
6.053584952531991803e+02 9.289728212904625748e-02 1.254719693903044245e-08
4.882676367601128504e+02 5.303083930134680490e-02 1.457653753268574105e-08
3.127884885654205505e+02 2.525191015639846256e-02 1.697107756579705955e-08
3.779824828916509318e+02 1.702494420103212863e-02 2.364879517982820461e-08
3.433218104840408955e+02 1.170704302342748422e-02 2.822204528462378352e-08
1.284212038776659881e+02 5.000000000000000104e-03 1.160218759230122011e-07
4.473215946755027517e+02 1.438365927952873005e-02 3.054035307200618899e-08
3.787028978130483097e+02 1.000179413993631042e-02 2.959063530760411052e-08
4.349741991252320759e+02 4.689184736258624614e-02 1.410989671327357417e-08
4.544787260135826159e+02 5.489102409224005941e-02 1.351140088587609098e-08
4.747215940265850236e+02 5.312471837455041979e-02 1.422385826147421353e-08
4.391283505096875501e+02 5.808193168301974824e-02 1.279869219891706554e-08
4.612412613537236439e+02 6.302001328051061446e-02 1.285858738671256970e-08
3.178244555174204038e+02 2.393479677636333250e-02 1.760182046117037692e-08
5.662760760165635929e+02 5.567101132707260452e-02 1.613074168965796531e-08
2.863342488349687756e+02 9.502940080685088470e-03 2.383604115742941354e-08
5.167396618832348167e+02 2.682489012840771209e-02 2.601589469810644528e-08
4.466121530343913264e+02 2.066885824243708605e-02 2.518838083167904141e-08
4.290653241280217003e+02 3.997320192164884739e-02 1.469406139426032489e-08
3.551380594412369192e+02 4.474652663648532452e-02 1.196751063544069019e-08
3.867596391624756507e+02 5.007312687586103900e-02 1.255826852094092283e-08
5.230820476582227911e+02 9.226644951205918710e-02 1.141050077347266526e-08
4.953606374448902443e+02 7.701474680131323303e-02 1.269431664468794891e-08
3.031239087809767057e+02 3.622312295991240993e-02 1.319360190588838053e-08
2.018417782973624526e+02 8.349481176687061426e-03 1.859020871488197686e-08
2.013742859808420462e+02 8.998180812816383364e-03 1.805464273522489624e-08
3.170471441571037872e+02 1.497424496179843717e-02 2.239961379332377371e-08
4.367208763595272671e+02 2.018192958939334786e-02 2.491444028592383478e-08
1.164236754469454809e+02 5.000000000000000104e-03 2.217687207959498085e-08
2.056259240891813818e+02 1.134330930724490767e-02 1.763570584250310620e-08
2.965831349601401712e+02 3.332555956742027509e-02 1.393795857093661429e-08
4.274204742793702962e+02 7.006358242708861372e-02 1.120553756389176241e-08
4.157735971505774160e+02 6.848245019703401437e-02 1.112200856599035466e-08
4.886207845613358813e+02 8.927654547742548685e-02 1.175082394809116305e-08
2.701774069907665989e+02 2.381846572541292117e-02 1.522882084032941182e-08
1.176846125006848638e+02 5.000000000000000104e-03 4.441249130244779322e-08
1.174348511855570223e+02 5.000000000000000104e-03 5.996334449242872781e-08
1.298634661520311511e+02 5.000000000000000104e-03 1.003873498531280702e-07
3.682441729365465903e+02 3.742603119046698096e-02 1.465319374278710448e-08
3.669466870652209423e+02 4.513273743428418416e-02 1.227842141676395446e-08
1.204308549894176252e+02 6.343958194225009575e-03 1.391649453900503588e-08
5.014887966375558221e+02 8.475776919770988682e-02 1.343787526174471241e-08
3.197826650101335417e+02 4.654886499961572582e-02 1.086973270875378430e-08
4.430462745506824263e+02 8.543611911172460660e-02 1.211189150040991235e-08
1.248270674501703326e+02 7.246945459895327846e-03 1.321139178382698531e-08
2.370529616236176764e+02 2.028375618572022393e-02 1.445832447125585128e-08
1.984245942672471585e+02 8.439862714824317158e-03 1.825080906387454720e-08
1.167742901522035623e+02 5.000000000000000104e-03 7.475125710327161814e-08
2.518471923294067665e+02 2.007074532508250006e-02 1.534044979451171106e-08
2.127854627413831849e+02 1.048029166651906832e-02 1.791289648429903143e-08
1.089765765554434864e+02 5.000000000000000104e-03 3.105340524370450158e-08
1.366357631649741222e+02 6.907791437666221772e-03 1.477593126630827095e-08
5.944858068727261298e+02 1.135336744724507463e-01 7.241011507704297837e-09
4.591296389933219757e+02 8.402455590452129197e-02 1.243829395799758467e-08
4.438013954778269294e+02 7.350539258381073859e-02 1.132934038905368673e-08
1.626825918899271528e+02 1.000032417794599442e-02 1.449240474419613767e-08
2.196783604833052266e+02 9.492014952996889743e-03 1.906424236658053909e-08
1.198590022558362165e+02 5.000000000000000104e-03 6.572497813035911258e-08
1.274861849048016325e+02 5.000000000000000104e-03 4.079145539084722074e-08
1.166381029494329056e+02 5.000000000000000104e-03 4.343110232218232856e-08
1.107221282059189349e+02 5.000000000000000104e-03 1.992803613306905773e-08
1.582570180655994818e+02 8.489883876847268557e-03 1.501950818643037028e-08
2.839113513866795415e+02 2.047999668864737208e-02 1.695367581057553725e-08
4.421715966366541579e+02 6.081462697297569664e-02 1.261022882857598020e-08
3.003222583488014834e+02 4.168909411769548823e-02 1.059884828030576674e-08
4.152651368275276695e+02 4.099099608893300162e-02 1.406522537502418925e-08
2.671131796042594146e+02 1.602350081411582639e-02 1.857291871783485691e-08
1.611220040852741704e+02 5.000000000000000104e-03 1.094278068043965048e-08
3.131076106190515134e+02 1.533848314626833770e-02 2.180647895373731764e-08
1.910473739763657193e+02 5.318875989673035182e-03 2.365548988593364286e-08
2.736364595063853926e+02 1.784534354106520962e-02 1.758246653126155055e-08
6.700725191131983820e+02 1.347805233041751427e-01 1.035088489882855431e-08
5.252603803314508468e+02 9.527882408513010937e-02 1.049307178225326160e-08
5.057691231792699114e+02 9.482951833015043630e-02 1.032762039219916371e-08
3.141539276170074118e+02 3.277325931674373444e-02 1.478360204765481386e-08
4.685911367157090126e+02 5.046565343712476615e-02 1.467355059755136366e-08
3.347697740555036603e+02 1.890568682109320178e-02 2.019946121213789531e-08
2.261715824596525977e+02 7.458639573173496060e-03 2.134654898852403136e-08
7.737754607982932384e+02 7.720859804296446860e-02 1.824589028569418908e-08
7.627286409331205732e+02 7.952377153381906538e-02 1.834818140078193202e-08
2.577861566160106008e+02 2.634655752992561689e-02 1.400139039727929161e-08
2.354905988825051963e+02 2.135549080303819972e-02 1.406964612136408927e-08
2.918049128215027395e+02 4.864073544962404377e-02 9.981906674719222734e-09
4.660269329528288722e+02 1.528290932382427025e-01 7.996349861822655046e-09
2.638167936690960005e+02 2.317473423026853580e-02 1.507471464538306182e-08
3.697262388914977578e+02 2.968972939254350268e-02 1.836445250681386573e-08
3.624609817385322117e+02 2.452855444900955278e-02 1.961887072213163286e-08
1.272898798081791512e+02 5.000000000000000104e-03 1.701236633580637533e-08
4.958374462153896616e+02 3.653060849315095671e-02 1.974105953687558465e-08
4.776902851119652951e+02 4.529198347365103600e-02 1.534777784438477608e-08
3.443058401736212772e+02 4.356305442718023252e-02 1.175519120959393004e-08
4.787523639340566319e+02 1.427862736161282231e-01 7.973769675346482550e-09
3.637692158918176801e+02 6.433555216828774903e-02 1.035268864385738917e-08
4.682434039192226010e+02 1.156196277725335120e-01 6.097903857958207264e-09
4.142383691614781469e+02 5.856021197752988433e-02 1.214506248709547684e-08
2.775886813957258141e+02 1.094011449524367324e-02 2.288447520305047757e-08
9.888582828486098606e+02 1.158770112037260797e-01 1.135088185869764508e-08
3.931937250578296243e+02 2.457160238229105786e-02 2.109653218513471076e-08
1.600509030897948435e+02 5.000000000000000104e-03 2.010205960728460784e-07
3.948386264534759675e+02 1.866743268681798906e-02 2.344285766292403731e-08
2.577882794128036608e+02 7.812406951427993719e-03 2.342854178213421274e-08
2.184413468144682895e+02 7.478654215449230015e-03 2.070224569429532203e-08
5.083482352306155576e+02 4.220723701814393936e-02 1.654589981263955721e-08
8.462301719455560942e+02 9.872707180998586962e-02 1.339317519571802758e-08
5.023278070664708821e+02 4.459413694861721206e-02 1.609376321038746183e-08
2.331165047472838694e+02 1.095344140549816409e-02 1.954854556249292710e-08
3.255816406756053993e+02 2.656850879648248176e-02 1.723030838585867755e-08
1.320587957527399396e+02 5.000000000000000104e-03 1.363279548719262498e-08
3.561219865322919986e+02 1.821197705671643435e-02 2.154406030080262518e-08
5.929893734746437985e+02 3.763671946897256121e-02 2.169614136577712593e-08
1.686268853924798350e+02 5.000000000000000104e-03 6.634706450026225017e-08
3.867769969527698777e+02 2.430815761548398360e-02 2.087856786237980998e-08
1.156601033046817832e+02 5.000000000000000104e-03 2.691285888449603520e-08
1.387621378663457108e+02 5.000000000000000104e-03 9.717705812579959876e-09
1.162550921988511732e+02 5.000000000000000104e-03 6.050529451029472700e-08
3.984102214646444509e+02 3.973313768833175441e-02 1.398048505554523855e-08
1.239753272745901569e+02 5.037846963806018839e-03 1.691961835437505610e-08
2.107986945711266458e+02 1.328925568173235788e-02 1.732276201469804582e-08
5.995495993683891811e+02 3.845881602768315422e-02 2.097683831648348241e-08
3.220869099892938152e+02 1.084456854561091470e-02 2.610270094676518647e-08
2.888669325529874072e+02 1.296444253269272116e-02 2.289389785256427422e-08
2.838107996359300955e+02 1.024426262583916919e-02 2.303645073462230795e-08
3.498044966728566578e+02 2.026032837205968967e-02 2.046624425710618493e-08
1.118725029944853446e+02 5.000000000000000104e-03 1.549140404755019755e-07
1.087640022679289871e+02 5.000000000000000104e-03 2.968840350878963654e-08
1.739604117509143748e+02 7.772186213990258177e-03 1.682482444132407105e-08
2.643701889904918403e+02 2.214237725712771623e-02 1.539054206571622227e-08
1.142869115258418447e+02 5.000000000000000104e-03 1.741850989636670473e-08
1.597304636078469855e+02 5.000000000000000104e-03 1.844096229538424521e-08
1.351312277214375399e+02 5.000000000000000104e-03 8.091230022362146911e-08
1.336679954050833032e+02 5.000000000000000104e-03 6.513939561128624968e-08
1.255902383256416925e+02 5.000000000000000104e-03 2.013917222262937640e-08
1.284127374810234130e+02 5.000000000000000104e-03 2.692676285421259083e-08
1.424963388446437875e+02 6.337671918487434997e-03 1.615079738383867930e-08
2.301004015278889767e+02 1.177115406263889302e-02 1.975078166623187768e-08
6.215147335262478236e+02 1.021697590903704739e-01 9.574869446061090283e-09
1.933873375449960861e+02 9.038268900471766940e-03 1.741471799471818730e-08
1.251745775507166059e+02 5.000000000000000104e-03 2.872199996781248070e-08
1.411208238600596303e+02 5.000000000000000104e-03 1.538588540663670179e-07
1.067800478733443015e+02 5.000000000000000104e-03 9.641185038070585534e-08
1.102876431826675088e+02 5.000000000000000104e-03 5.585587751828311320e-08
1.228130767455077006e+02 5.000000000000000104e-03 2.008610125438961128e-08
1.213045279492919803e+02 5.000000000000000104e-03 1.502936558032767885e-08
1.203203032076056189e+02 5.000000000000000104e-03 4.474766247115862545e-08
1.065599334256048536e+02 5.000000000000000104e-03 8.563912598819178224e-09
4.173775786144386757e+02 6.697451739411716676e-02 1.134667608398426955e-08
1.633447635688839057e+02 7.611514190478487797e-03 1.607206771138701794e-08
1.136300014109896637e+02 5.000000000000000104e-03 4.706963749161776779e-08
9.306982649673489050e+01 5.000000000000000104e-03 5.936822554545508018e-08
1.050614623640771299e+02 5.000000000000000104e-03 2.575164726121661092e-08
1.198445846798200591e+02 5.000000000000000104e-03 2.119121749098239375e-08
1.550291038602438789e+02 6.247577902358494167e-03 1.751523256576204455e-08
3.001842109311853051e+02 2.342066844634486250e-02 1.686686608221060751e-08
5.102327383365247897e+02 6.427203974009174092e-02 1.386784895220961067e-08
3.048497602937362672e+02 2.443036025718032037e-02 1.680911058243447627e-08
2.321158699097822762e+02 1.864469723464304979e-02 1.471318553230926315e-08
3.108295070622981484e+02 3.397853434710516873e-02 1.439784853809051971e-08
1.774222527802509148e+02 6.785834758149274400e-03 1.857198074591425266e-08
1.253637254917146748e+02 5.000000000000000104e-03 1.500841191613564188e-08
9.099548721384606154e+01 5.000000000000000104e-03 2.406005325713210971e-08
1.183759632478151360e+02 5.000000000000000104e-03 4.676536451051733109e-08
2.309030795696993721e+02 1.353005966232487603e-02 1.846730043839034128e-08
3.981489927715048225e+02 4.994462988684159749e-02 1.292133435168190823e-08
3.334922708532701563e+02 3.923890467429224510e-02 1.233602514785069128e-08
3.646948606151225363e+02 5.267723153876147785e-02 1.144275222935861430e-08
1.083598708581403116e+02 5.000000000000000104e-03 6.276546915878233509e-08
7.313460368274878931e+01 5.000000000000000104e-03 4.129912530351386324e-08
1.161380464790670430e+02 5.000000000000000104e-03 5.301796459770623211e-08
1.488217784292882868e+02 5.000000000000000104e-03 2.723115704680023913e-07
1.278640888950535697e+02 5.000000000000000104e-03 1.726563986742241793e-08
3.912413221542718702e+02 3.407404750764710805e-02 1.759720450673399400e-08
1.157958041487526373e+02 5.000000000000000104e-03 2.720244410046706781e-08
8.347615718218705183e+01 5.000000000000000104e-03 2.651070027944918113e-08
1.171881651175813914e+02 5.000000000000000104e-03 7.979388110021541753e-08
4.017401665505288406e+02 7.312533784919739155e-02 1.041984937012538284e-08
9.249813653995325069e+01 5.000000000000000104e-03 9.629400424205386885e-08
7.320618486126383573e+01 5.000000000000000104e-03 4.575369281994574188e-08
9.237364548196617875e+01 5.000000000000000104e-03 5.509347422240094899e-08
3.556180421137311782e+02 2.670735215072228205e-02 1.861855476868366648e-08
1.251624493720005518e+02 5.000000000000000104e-03 2.369470258973947226e-08
2.028921256999371394e+02 7.476791628160600785e-03 1.945184689124816466e-08
1.239099963948736871e+02 5.000000000000000104e-03 2.354235117893253641e-08
1.837015287801443719e+02 8.613097013128725651e-03 1.696524044500549480e-08
1.144110337624624663e+02 5.000000000000000104e-03 2.045417564356767444e-08
3.354283591375751712e+02 5.269877189410693274e-02 1.066217225014163906e-08
1.940701498455842966e+02 1.595416461101458253e-02 1.428002636356054298e-08
2.363024963525533906e+02 4.128206279957747499e-02 8.699610546551964699e-09
2.881515846129403258e+02 4.119252178945326942e-02 1.030034088158709264e-08
4.018658428239655223e+02 4.579338282095642143e-02 1.323555652006121049e-08
1.309769014952049986e+02 5.000000000000000104e-03 2.018318078736279538e-08
1.779562405540751868e+01 5.000000000000000000e+00 1.070132395590147627e-08
3.712075447201025327e+02 3.205715922706194043e-02 1.732100728066182164e-08
1.173700432040991330e+02 5.000000000000000104e-03 3.212869718303692657e-08
2.437722293637620794e+02 1.915291864313400580e-02 1.519245793418677918e-08
6.123042551395251394e+02 2.457314770559113626e-01 7.810569726209794825e-09
3.721097774277367307e+02 7.166513787027389837e-02 9.757359209761538199e-09
1.146644864433820601e+02 6.046672738333570829e-03 1.372643671686600278e-08
3.132203904530803129e+02 5.876724674051814201e-02 9.578080019579539299e-09
4.690473928256146223e+02 5.664171022461604588e-02 1.370298774857771976e-08
