3.928681540530215557e+02 3.522383418060194282e-01 2.422870159567715969e-08
8.134090420022751005e+02 4.501267471757272043e-01 2.901611539498711702e-08
8.015365574408664315e+02 7.450585675003363884e-01 2.394517585464174153e-08
1.034157773754416439e+03 8.407650036686555861e-01 2.903262062052978318e-08
1.136707914128323637e+03 9.893777801930028204e-01 3.191272442674325787e-09
8.211164778877913477e+02 8.169242519895276722e-01 2.359498914450357627e-08
6.058329085763676858e+02 2.077263807303021126e-01 1.677004320108369378e-08
6.547926949620784853e+02 2.415250182822908098e-01 1.358949278511137106e-08
7.302060630616687149e+02 4.685057553222352067e-01 2.578065163224802246e-08
7.181644783317702831e+02 1.184888282099231693e+00 1.532468787737499362e-08
8.044108133967281447e+02 1.002257429084066898e+00 2.506805241918684808e-08
