9.728383571258823395e+02 1.035736664600508949e-01 6.213616458433909950e-09
1.184155787969296171e+03 9.970747561014121907e-02 7.841068318806893354e-09
9.056708581946940058e+02 9.670327551681998091e-02 1.769016629402382520e-08
1.847626061335769236e+03 2.137006237723894642e-01 1.564912796823622591e-08
9.381320900465424302e+02 8.034863475088746543e-02 1.627158086885673146e-08
1.096315587125398906e+03 1.168344805744028769e-01 9.620261511815967433e-09
9.035888919120453693e+02 1.052099802228584347e-01 8.950886625304077438e-09
4.380505154199848334e+02 9.083436133836292337e-02 1.381627606028388881e-08
9.548540994099047339e+02 1.330899308316713381e-01 3.501052823957376985e-08
8.444373521068149557e+02 1.247169110589989444e-01 1.040655976975385680e-08
1.147739114723464354e+03 6.871969062405407502e-01 1.782426862702520582e-08
3.259875382463190476e+02 9.881443029733543923e-03 3.302018790199539047e-08
8.205394290722535970e+02 6.623582988502339786e-02 1.860995263717409957e-08
8.472546877064771707e+02 1.435194548939172920e-01 1.493110223462983295e-08
2.501970416735839081e+03 5.888664360143219811e-01 3.722173199806532512e-08
1.505960323536819715e+03 1.416691359198974931e-01 2.379102390623101632e-08
1.277122054373442325e+03 9.253254246497212288e-01 2.476295300803710490e-08
1.686938055360904798e+02 2.553192347470107076e-03 2.086082881376078841e-07
1.116185576811096098e+03 6.052981252457007716e-02 2.548446749075468524e-08
1.122708115394234028e+03 1.265283260369396423e-01 1.733531998168845014e-08
8.003417818020257073e+02 4.791359777846114498e-02 2.055150322915337002e-08
1.031824210489809502e+03 1.140037107952291129e-01 9.060315289288329685e-09
3.735706896450824956e+02 1.292058313293121402e-02 2.875711215113498696e-08
1.312220994692004297e+02 2.500000000000000052e-03 1.845275230961336733e-07
2.018137876424807246e+03 9.366490334515500393e-01 1.995270541612279118e-08
1.747476624594613895e+03 1.132349596720685220e-01 1.490634856776202187e-07
7.903638877550315556e+02 2.566847506367685161e-02 4.092983614722713486e-08
1.995156396734970485e+03 2.277924352845584477e-01 1.642367636399272812e-07
2.070966513526215749e+03 4.374381783913394717e-01 4.009223243261831954e-08
1.209546551733294280e+02 2.500000000000000052e-03 2.928820513704643002e-07
1.224990888083840218e+03 8.305749057191506857e-02 1.219750939864187024e-07
8.282504685425915341e+02 5.060982445611526825e-02 2.999626348502604801e-08
1.958215935555485430e+03 1.430059957401418780e+00 2.916721766325293205e-08
9.231280258267763656e+02 9.464545655900009902e-02 3.213535067715520429e-08
1.118125735273531973e+03 6.013125202109322748e-02 2.735121162750353946e-08
2.110991545977531587e+03 1.106745620736939856e-01 1.582108544711101559e-07
1.820876995303448666e+03 3.476814170724693009e-01 2.767514442130733980e-08
1.255708271018366531e+03 2.307829895756184635e-01 1.178609095517077764e-08
1.182921286107711921e+03 5.421203919491109774e-02 3.007884117153014719e-08
2.672870223393887045e+03 1.795937167381990163e-01 2.117998985272442388e-07
2.153854831456182637e+03 1.426062650320334968e-01 1.640289435557906186e-07
1.860909288056643163e+03 4.571756926418575340e+00 3.836913509885150874e-08
2.271485091520289188e+03 5.731648557084533913e+00 3.355842517474313023e-08
2.319745011374755450e+03 5.591768624655232500e+00 2.098669465928605598e-08
1.992750517978859079e+02 2.500000000000000052e-03 2.748575643686433684e-07
8.855733882794353349e+02 9.264599702404006931e-02 1.677793601608863565e-08
1.529116634447350179e+03 2.238351795897421670e-01 1.830179933612051028e-08
6.637580510047278040e+02 2.155556734886781775e-02 6.147988320010138697e-08
4.031646625003783811e+03 4.285546254596520610e-01 3.800261417598470251e-07
9.771040696376886672e+02 6.319521022163009094e-02 2.402825711977108842e-08
1.876524728827320587e+03 2.681096438528688397e-01 2.951484430480726759e-08
3.257113405625182622e+03 4.158818151926163331e+00 3.978099445927032534e-08
4.176603654237181217e+03 2.096269976291591952e+00 3.205180265639584010e-07
1.638802184087363230e+03 3.193417341734184900e-01 3.194794013009184968e-08
9.674164442702666520e+02 5.058895049508018577e-02 2.712803465727197150e-08
2.710753896754797097e+03 1.582264841426604673e-01 2.038492896946622589e-07
2.959705554226378808e+03 1.901121349605434108e-01 2.285326419436674360e-07
4.672560666803402455e+03 1.000000000000000000e+01 6.073768477020384568e-07
1.324027792446215926e+03 1.465172243261377294e-01 2.614706910002460002e-08
2.750533161722037221e+03 1.522965133675474592e-01 2.173489027421390983e-07
5.576035022520374696e+03 1.000000000000000000e+01 7.890870845708833095e-07
3.267764536795795721e+03 4.652619393901724076e-01 3.332542576070144951e-07
1.779686725817140086e+03 6.088484277294055058e-01 3.121932076217193161e-08
2.065862370667851337e+03 2.271222073625240589e-01 1.441141211286571097e-07
1.634912593909588168e+03 1.076032258451682377e+00 3.259387544264757674e-08
6.658859351021670818e+02 1.569769271501871011e-02 3.691890999859117809e-08
1.256523700972698180e+03 1.450297291696446000e-01 2.638933360796525569e-08
2.508242933831445043e+03 1.263139886688347813e-01 1.930729044220029518e-07
2.348991462147715993e+03 1.670362770117628237e-01 1.760929077808432193e-07
1.518661893889812291e+03 3.303090201218025213e-01 1.606333827582585103e-07
1.607206259693210768e+03 5.405257142037378504e-01 2.817775048448912354e-08
1.177808244742526540e+02 2.500000000000000052e-03 3.970337172053067435e-07
4.798183846016081588e+03 1.000000000000000000e+01 5.899183447338624692e-07
2.301568104565948943e+03 5.741013316048527715e-01 3.539427193495021869e-08
4.395978484919183757e+03 1.000000000000000000e+01 4.945206063676002140e-07
2.051203451045697420e+03 5.592123749400684796e-01 2.221006313196128176e-07
2.190678647809519134e+03 2.055117299607432668e-01 2.606598330046744597e-08
3.865592051754838849e+03 2.218447503046863556e+00 2.976635391559457070e-07
3.792651124021321266e+03 6.991457169228355584e-01 3.213964178480053729e-07
3.878435244084983879e+03 3.956053021836339223e+00 3.134014857525348025e-07
2.196592765488316672e+03 3.188669320384608930e-01 2.875516289731704205e-08
1.863775549450593587e+02 2.500000000000000052e-03 1.564008126433976025e-07
2.218103649177112402e+03 1.846706716118722280e-01 5.742789456195960404e-08
3.827061811200962893e+03 1.446296709077432574e+00 3.018950469008933893e-07
2.404378871709075611e+03 4.571202170397883346e-01 4.416916838660891607e-08
1.774315426536169980e+03 8.537950621812170904e-02 1.672204641372045675e-07
2.321527310247826790e+03 4.357490682595066556e-01 2.342140046865022539e-07
2.157985437219419964e+02 2.500000000000000052e-03 1.642286289133895165e-07
1.837296423930468336e+03 1.627576267467954751e-01 1.827066290542814318e-08
2.435148175169156730e+03 1.110169714167700272e-01 1.912353647052861675e-07
3.023819699166221653e+03 2.364095471568176787e+00 3.081912226608205835e-08
1.624730955543280970e+03 9.145950694630915201e-02 1.545397216514408370e-07
1.229067929793672192e+03 6.716449620021892886e-02 3.115350427135227507e-08
1.568571886747389726e+03 6.318721013712405465e+00 1.136473418455980615e-08
3.380757275753829617e+03 5.384247455566451457e+00 4.100344900343994719e-08
2.876140456444522897e+03 7.084206367282634975e-01 2.202878851614880490e-07
3.532972747454883574e+03 1.053982158528881552e+00 2.785436306474171830e-07
6.308447109866672236e+02 9.701820636410408635e-03 3.882820563953639575e-08
3.772803700319070231e+03 5.837790038241706725e+00 3.285246380725001133e-07
1.614286123543914528e+03 1.496305802792081974e-01 1.724437349425641223e-07
2.561627224350543202e+03 3.730332921704866966e-01 2.339405659537646842e-07
1.371440751515812622e+02 2.500000000000000052e-03 1.438385722916938521e-07
2.201488371722201975e+02 2.500000000000000052e-03 4.384555556735272933e-07
2.717259685707301742e+03 1.189416525606478425e-01 1.969955552635262697e-07
2.792185002260727288e+03 5.241284021178750585e+00 2.439657768736384609e-08
2.799627699150012631e+03 3.376504190558857754e-01 5.736225995061581980e-08
2.118693640068431705e+03 4.881161048759806720e-01 4.791054149462254757e-08
2.905495711013316395e+03 4.850660201703646535e-01 6.152102075971976390e-08
1.624132571819158557e+03 7.148452057206975407e-01 4.608853290794695738e-08
1.987798088663929093e+03 2.392503078446840126e-01 3.812047714565329388e-08
1.555340600975908956e+03 9.647524279351660237e-01 3.929784186355410438e-08
3.524028318002629476e+03 3.012812733892164530e-01 3.338916737051704015e-07
5.324284554350663711e+03 1.000000000000000000e+01 8.031385347403847293e-07
3.232367780139518345e+03 2.770666028074945109e-01 2.806170024826745894e-07
2.013096520867406070e+03 2.125098514318738141e-01 4.749484804879388281e-08
1.910661879336659013e+03 1.096865284699284071e-01 1.701569204340140778e-07
3.712578830702076175e+03 1.528387047546199362e+00 4.435192699773173735e-08
2.978446779685169076e+03 1.586444748119021919e-01 2.336213261179728854e-07
4.330997942470324233e+03 3.282434007790529518e-01 3.840834373613681402e-07
1.066119409087946934e+02 2.500000000000000052e-03 3.905923705590140843e-07
1.668614302453390110e+03 3.032417608546444932e-01 2.026372846935264710e-08
7.336941448734132791e+02 2.099094503523168606e-02 4.335077494746263581e-08
1.851403142675352910e+03 9.485673472085208446e-02 1.805926718957098451e-07
2.874007309252704545e+03 4.715436212963425855e-01 5.105519873126715423e-08
3.259889699321374792e+03 1.701960216198345754e-01 2.398420024545155156e-07
1.122527117676566633e+02 2.500000000000000052e-03 5.025910454107153787e-08
8.340214271959412144e+02 4.864452049183889265e-02 2.142202206960862357e-08
1.209599176125150734e+03 1.880084265050400438e-01 3.132516631124480838e-08
2.647363970170788434e+03 1.489244011149933877e+00 2.882888297269427368e-08
2.290090010901474216e+03 1.245767605091026020e-01 1.799030790725527279e-07
2.215847195849903073e+03 1.000000000000000000e+01 1.900020622511605911e-07
1.258819052350319907e+03 7.809408185827541038e-01 1.904183681782542817e-08
1.321531555108861312e+03 2.622293870640998170e-01 2.655438050195621724e-08
2.565924900587093362e+03 4.046876464855944100e-01 3.862565202768669413e-08
2.106859516247418469e+03 1.108556977920686915e-01 1.761776196497663841e-07
1.212494550228433354e+03 8.148375887138337159e-02 1.378992610341760357e-07
1.790304674799494023e+03 2.020316013894957463e-01 1.378394956501159883e-07
7.024154177902310039e+02 2.086565219039731578e-01 6.456178391989666326e-09
5.340675164981952321e+02 1.668053161244267141e-02 2.960051784366467745e-08
1.287269757171391120e+03 2.339132291659170859e-01 1.563613991544404283e-08
2.009566461881988062e+03 1.537585506652647815e-01 1.599549168477752575e-07
1.382880399880376217e+03 1.105484620606753676e-01 1.202613168302692939e-07
1.878448531808563303e+03 2.483967655922167950e+00 2.224289457666957815e-08
1.180181726550894609e+03 7.373635828224782418e-02 2.948946497076728120e-08
1.911558910778150448e+03 1.949672818356952275e-01 1.528810946910256790e-07
1.196926661888425997e+03 1.381809998351626045e-01 1.393759254329648575e-08
1.751666228011301428e+03 3.698920247708863407e-01 3.167903423792341499e-08
4.596897260613123422e+02 6.752791490027121313e-02 1.664899231715080079e-08
1.178441145480486512e+03 2.556913591029534305e-01 1.618427208934750214e-08
7.028190760196250721e+02 5.360321073209246834e-02 1.660125079949920643e-08
7.303670731747578202e+02 1.006207395425857409e-01 3.092441171278046991e-08
1.426196395967055651e+03 3.676462200049824824e-01 3.542305949190142177e-08
1.585748879326705264e+03 3.834865537972290683e-01 2.979736520437559620e-08
1.101904460085592063e+03 2.633700020671086994e-01 2.173025100219478211e-08
1.256939938003491051e+02 2.500000000000000052e-03 1.712685606115882168e-07
1.372875949936510551e+03 1.841869138203683642e-01 2.070462838502140001e-08
2.546414441235739105e+03 2.137187489938063290e-01 1.953863517868554413e-07
1.966131672749608015e+03 1.455991064234467558e-01 1.426048550391457093e-07
1.779311593228406764e+03 1.204680353991032904e+00 3.052669669720002035e-08
1.645626842586993916e+03 6.821628691174619341e+00 1.443195377743904745e-08
1.441142821026432102e+03 3.977049771221639607e-01 3.211851582079983282e-08
1.831094717349453731e+03 1.535998661673983190e-01 1.370312518306752739e-07
1.553801872102131483e+03 3.666035937882419216e-01 2.681686191658130704e-08
1.436400532708424407e+03 3.526179601675867858e-01 2.204098870778609891e-08
1.147916182194612475e+03 1.945199690471058618e-01 8.802109164629292203e-09
8.566404239411295976e+02 1.922396993175205238e-01 9.411061026460422820e-09
1.738781872452821517e+03 1.036836141404059858e-01 1.264388159131870166e-07
1.101395762120599500e+02 2.500000000000000052e-03 2.192232927070557276e-07
9.521303433964649230e+02 1.363818744942544292e-01 1.352280807408340713e-08
1.935050844854599973e+03 9.735785913632785116e-01 2.042170058353834118e-08
2.001521316271332012e+02 4.236947275435207216e-03 3.290259773701480315e-08
1.628018859000150542e+03 1.000000000000000000e+01 1.418520750526423294e-07
1.883667082635912266e+03 4.815474293914904780e-01 3.403676141634851246e-08
9.320707182090112042e+01 1.000000000000000000e+01 3.545131154748117563e-08
1.121301692794011302e+02 1.209656473943691163e-01 1.269089668482635380e-08
1.157428827405343981e+02 2.500000000000000052e-03 2.549064924560578162e-07
1.171368761308805006e+03 1.505601720583813752e-01 1.618779714755405319e-08
2.070218557067059464e+03 1.000000000000000000e+01 2.241512347315718034e-07
1.032288024745337509e+02 2.500000000000000052e-03 4.159685731956024567e-07
9.747671836817377198e+02 1.094678606141823857e-01 4.607927203017508476e-08
8.385525147435559745e+01 2.500000000000000052e-03 1.943263769791093421e-07
6.335640633023913324e+02 8.862493404646883122e-02 1.354592266325712474e-08
1.377594919448023347e+03 1.948644027614573893e-01 9.562543787138250874e-09
1.405280480291826279e+03 2.538106987097417666e-01 1.448730375330048803e-08
2.304987021833816812e+02 7.726132781666106980e-03 1.518029424928723131e-08
7.337586936445933361e+02 2.753139898002705532e-01 1.839569074598085971e-08
1.012506723577382900e+03 2.714995807848679110e-01 9.153101197102313988e-08
1.303678605472865968e+02 2.500000000000000052e-03 2.523695246623947961e-07
1.915845285139756697e+03 2.664295938448404399e-01 2.622538126151743936e-08
1.328723643032300970e+03 1.540535133566093007e-01 1.207529737936597906e-08
1.386233928110839543e+03 1.078852740690058598e-01 1.136124514327491791e-07
2.677025315943035366e+02 7.503113994826457814e-03 1.713129321085405935e-08
1.257240613023766855e+03 5.690869249040702016e-01 2.695356701661230990e-08
1.348746273601220992e+03 1.572534433834720524e-01 1.110642463907593142e-07
1.938512395565618647e+02 7.717097866488015039e-03 1.862083446598427879e-08
1.532287593727854755e+03 1.456025832560539357e-01 2.098901747653552390e-08
1.693171213662118362e+03 2.048150393083727761e-01 1.809204653212075072e-08
1.082954058074333489e+03 1.232738912637651868e-01 1.147367699859939163e-07
1.641584517725597834e+03 6.708925490376751455e+00 1.622043554524890752e-08
1.245488310628244108e+03 1.753892452947076741e-01 1.629011936102209211e-08
1.074333247639770434e+03 2.277917787938174010e-01 8.477166627843460817e-09
1.111220103630492304e+03 2.716192108937337535e-01 1.424891623618517852e-08
6.558724214556100378e+02 1.678666759573412826e-01 1.717869217572152341e-08
3.321669385763923970e+02 1.577065181165610286e-01 8.288218619288174066e-09
9.444163984569465811e+02 6.116831195930869797e-02 2.113670487194988473e-08
1.676315256478457059e+03 2.147264055650874026e-01 1.397208793036627926e-08
1.895148835444127826e+03 1.467971472952736001e-01 1.666339760262799655e-07
1.737046046240110968e+02 2.500000000000000052e-03 3.756378095589068953e-07
1.431497805588600386e+03 9.442652347094931953e-02 1.319143611734228873e-07
3.924853877042370982e+02 2.312858136911837698e-02 2.804007480792358854e-08
1.522661055195108929e+03 1.444854193912016305e-01 1.285450351423599922e-07
1.404174628274938186e+03 7.700446623110243083e-01 2.368961462390116735e-08
1.020143788015803921e+03 1.196554969146927494e+00 2.014308350377723979e-08
4.929838007329132097e+02 3.118263321894760298e-01 1.171217643420416076e-08
1.472959554990886204e+02 2.500000000000000052e-03 4.658086634101247048e-07
1.398897032688317665e+02 2.500000000000000052e-03 1.983837869643547689e-07
2.046343478818995209e+03 3.381002904302633505e-01 2.557049978383434362e-08
1.509623926914952563e+03 4.450138307452238817e-01 3.595898975197606215e-08
8.534554081602640281e+02 1.067656295674533767e-01 1.028834951554991169e-08
1.077035503279670365e+03 6.327359938484600210e-02 2.798358280811030440e-08
8.149610742407564885e+02 2.235435139987207442e-01 1.926047787880331504e-08
1.467545733930684264e+03 1.394039947343379993e+00 2.895061008270410876e-08
1.423681034685833538e+03 9.852983659384498827e-01 1.877972776839630341e-08
4.482201163275803424e+02 1.355788346813024958e-01 2.136066204379758219e-08
1.492482702705073052e+03 3.570427430187486650e-01 2.516297697245631267e-08
1.677393690141562729e+03 2.152134503881715233e-01 1.291936412251987141e-08
1.560559955040603654e+03 1.424413196882446664e-01 1.295072373177106524e-08
1.581549726563556987e+03 3.002164101016543407e-01 1.991381295159873625e-08
1.602753621733160344e+03 2.205208082822562310e-01 8.480395552110597681e-09
1.202254653190345834e+03 2.542940367511010158e-01 2.114108170849275773e-08
1.098402695518916744e+03 1.611124832207367075e-01 7.925095031305347100e-09
1.601040974655040372e+03 7.271834388444757824e-01 2.324852220394470042e-08
1.454447835526061681e+03 1.253997795367717494e+00 2.444902458032532780e-08
8.355751335045406449e+02 3.122182722731199345e-01 1.972179227133991345e-08
2.275744459876465555e+02 4.381022526643432898e-03 3.153854889530541801e-08
1.475065452282633203e+02 2.500000000000000052e-03 4.329043323630718945e-07
1.289348378309916143e+03 8.626038472501317000e-02 3.020193039339937569e-08
2.388493797594125226e+03 3.014946988652741910e-01 2.066145645329999365e-07
1.592979940909859579e+03 4.193021545513094805e-01 3.537719844924655192e-08
1.635376235324231857e+03 1.863832514240088001e-01 1.311477003429423598e-07
1.046267441121790171e+03 9.489982052377037014e-02 1.369650045628825736e-08
1.169330759694899598e+03 3.121498946057787438e-01 1.623446482533407807e-08
1.268441409325788527e+03 1.130014945369054308e-01 1.120924291443098138e-07
8.631351178636543864e+02 5.119139247001639470e-01 2.870453620388656006e-08
1.539715193705406364e+03 1.953965564295729040e-01 2.541861906894504595e-08
1.323639704203055089e+03 1.299421107131450426e-01 1.044772872962201092e-08
1.478633298592149686e+03 1.660527388315967412e-01 1.774242889311904883e-08
3.776976347625035260e+02 1.056775407772342357e-02 2.777515281200220669e-08
1.523438649089734781e+03 8.928613933157820981e-02 1.446689357539845109e-07
1.333597936231884432e+03 2.674814156019882372e-01 1.766185691029687196e-08
1.403751873858834188e+03 3.481925304439650315e-01 3.225018926381001115e-08
8.759158491498143349e+02 2.861553327869670316e-01 2.056739572708154605e-08
1.115930696709878021e+03 6.451458561510566847e-01 2.476829517874671777e-08
1.545949400898737167e+03 3.349940745592327462e-01 2.141624122690438571e-08
5.954764003593796815e+02 2.125204601931203474e-02 2.847876094640296756e-08
1.880066194897969353e+03 3.379587542496789720e-01 2.517262195563406372e-08
1.542612548275292738e+03 3.786102691347014160e-01 2.629440253430403497e-08
1.574982591334352492e+03 2.740693986019083761e-01 2.278891995742583188e-08
1.736953430123139924e+03 7.644721013788879915e-01 2.012893522687501900e-08
1.033358446631980996e+03 2.787182382356194199e-01 1.556593578404532837e-08
7.352197579675844281e+02 7.003802961228937363e-02 1.582360838946509805e-08
7.642560962063834040e+02 2.937492666375175476e-01 1.816817541210149416e-08
5.265126911980248678e+02 3.855149247185861439e-02 2.469358535692671976e-08
1.850266160964419669e+03 4.045104078701574069e-01 3.386765408290424123e-08
1.411161707520643404e+03 1.421404393486793150e-01 2.324144666974432516e-08
8.289966132597801334e+02 8.045992797090031901e-02 3.066951841782627293e-08
8.995406591767433611e+02 7.928535123283392272e-02 1.503224533505865297e-08
4.560873436848168012e+02 2.462699122944215363e-02 2.284890702912802885e-08
1.071029929367206705e+03 2.762244427291417059e-01 2.847210170956409330e-08
1.110238378660939816e+03 5.406080603076434121e-01 2.972023424712263586e-08
8.271695754602645820e+02 1.167655106640958174e+00 1.644721334936038026e-08
1.430979230404159125e+03 6.704651758990859411e-01 2.404174357453383084e-08
2.353712719107823432e+03 1.833545003912682159e-01 1.922759091244168660e-07
1.850960053341485036e+03 8.281102431309784739e-01 1.923756517203585607e-08
1.126024307487533406e+03 7.909569637757801752e-02 1.159443401107888109e-07
7.881920957617438717e+02 1.021969783549914051e-01 1.999999699924216636e-08
1.074433221096540137e+03 9.824208855477407909e-02 2.895592157630345541e-08
1.931707483920116601e+03 8.533996099048539730e-01 1.472429012445502987e-07
3.167500457249749957e+02 1.381886233807657072e-01 8.631828459878417401e-09
1.989320159708288145e+02 1.000000000000000000e+01 5.720394445179113743e-08
1.365772490098720027e+03 1.394498171075129467e-01 1.105502015117868178e-07
5.607153704104573535e+02 5.464202749668701370e-02 2.593221824585935004e-08
2.238080423914807398e+03 1.503412066976224926e-01 1.815573972156340742e-07
1.671181170867995434e+03 5.271632196270316095e-01 4.934053323367276415e-08
1.403158613854837540e+03 3.040546087556167953e-01 2.095158015004424319e-08
8.941103061250737483e+02 8.449962117882549306e-02 2.367893276031917149e-08
1.476119048563473598e+03 1.357670620313915055e+00 2.331449512260458646e-08
3.932856900939360685e+02 7.467112879930748459e-02 2.386182771347898272e-08
1.748859083256827944e+03 2.372424476406062299e-01 1.407436048699849981e-07
9.178862832392244400e+02 1.050282965034819577e-01 1.374421339740541968e-08
1.924524014666831363e+03 1.177439910945156987e+00 2.657304709041161937e-08
1.593195960177561574e+03 1.745199812821758290e-01 1.311318793745070914e-07
1.370614889241388937e+03 3.357326245797506159e-01 1.796001880377744870e-08
1.380689647141670775e+03 1.695449746041932659e-01 1.125979580727165146e-07
1.713646231506879076e+03 9.042376119845384475e-01 1.739156901461300852e-08
7.922717373117764055e+02 9.857488504078383562e-02 6.852141083510488397e-08
2.411313991162220191e+03 1.661217853746518980e+00 1.971847716705556096e-07
1.715728918529638804e+03 1.590418291223161251e-01 1.374009831952608327e-07
1.059595939823583194e+03 9.887171828470482648e-02 1.953775431217293424e-08
1.770966356788220764e+03 2.765665101753501109e-01 1.510792579301743976e-07
1.153946105809566916e+03 1.010124429156335213e-01 1.084773605387420396e-07
2.060918450128565382e+03 3.858048176055773326e-01 1.908049911753654272e-07
1.882868414542636629e+03 2.609969843018212221e-01 1.553246343311386819e-07
1.722148166898851287e+03 1.152493443644757365e+00 2.508018121933246668e-08
1.240760308114475038e+03 2.862888462139384638e-01 1.968642143162734375e-08
1.487108098909237924e+03 8.977321017338432685e-02 1.350745504205382188e-07
1.282970771808861173e+03 1.502881702860591751e-01 1.102640782112293497e-07
1.542484677413927557e+03 7.263420440596841665e-01 2.025652169016499001e-08
1.011331273144039358e+02 2.500000000000000052e-03 5.848268662211608088e-08
1.716234792994629970e+03 1.334520114824569170e-01 1.304633710319747170e-07
1.443144651150231084e+03 1.355183959376049796e-01 3.010845340292388787e-08
1.239503199256189191e+03 2.878626881977367491e-01 2.548134143355042709e-08
1.856872222852392269e+03 2.546855850167972224e-01 2.771231100159984023e-08
1.392293766775525000e+03 3.521522514081775190e-01 2.088742732686950561e-08
8.696902716821740569e+02 2.535202601968733482e-01 2.596947604219726436e-08
1.184326445409358712e+03 1.733936914885052250e-01 1.023010679760172870e-07
1.509589948468071952e+03 1.433716326583975575e-01 1.285182907115273225e-07
2.320750650790395866e+03 7.675526832455056292e-01 2.022184420281018598e-07
1.090147858025532912e+02 2.500000000000000052e-03 2.988182820119583979e-07
1.677116305805105867e+02 2.500000000000000052e-03 3.170522863419831245e-07
1.345788066256656350e+02 2.500000000000000052e-03 2.260083429893080302e-07
8.497625090851660161e+02 8.678227720205726470e-02 7.202285294453413054e-08
9.648660590789687603e+02 1.049279383051654607e-01 1.410089914066029059e-08
1.126110544635923816e+03 1.006592322243651388e-01 1.755359850716346578e-08
1.709303100339383946e+03 9.584667701202001511e-02 1.390157231412756260e-07
1.497239581773261762e+03 3.213578187192743796e-01 1.903159209959862744e-08
1.660299177395863126e+03 8.019399241278341028e-01 4.287859257738450702e-08
8.763833692747390387e+02 9.238569191101500544e-02 8.392016047551743208e-09
1.167607043413931223e+02 2.500000000000000052e-03 4.715841273810722682e-07
1.760878241999404054e+03 1.559147876964454837e-01 1.553322455503843997e-07
2.397241935916470993e+03 3.304541210609500457e+00 2.545207754820133144e-08
1.975724108438175790e+03 6.060618670630463223e-01 3.026134380815955030e-08
2.000336755710816590e+02 2.500000000000000052e-03 3.139390265980665958e-07
1.338564786744183550e+02 2.500000000000000052e-03 2.387457104169903423e-07
1.800218901891020323e+03 1.203350499716882988e-01 1.491507646220168722e-07
1.461047675696275064e+03 1.297447441978847316e-01 1.210629140656573909e-08
2.229997575669002345e+03 4.550432566353219688e-01 2.364797189304147582e-07
8.371124613244815293e+01 2.814494444066200154e-02 3.591064881899969377e-08
1.852451328679573180e+03 9.104214514949264814e-01 5.115473454311723301e-08
1.881375374844393946e+03 1.313732627711161061e-01 1.445640127396993547e-07
1.801045295674754243e+03 2.424076528120963636e-01 2.454436561109491601e-08
3.145260231536617084e+03 1.472523295746211325e+00 2.445200831082560568e-07
1.605480481594190223e+03 1.118903272231571433e-01 1.293719129961115669e-07
1.844525896896317363e+03 8.188040806466904131e-01 1.939367007058088199e-08
3.197156981762667783e+03 5.502118576218699708e-01 3.086726402058323596e-07
2.918323474686210375e+03 3.726846711216263985e-01 2.534343739862558299e-07
2.503856296204961382e+03 3.125595810346097014e+00 2.967209542489087701e-08
4.284399296311174112e+03 1.000000000000000000e+01 4.448413976571958075e-07
2.585617494931124384e+03 1.891272066917679018e+00 2.275361777596188694e-07
3.943840755331335117e+02 7.278859951495109636e-03 3.540702033343369294e-08
1.776504031520375065e+03 1.103728268265113388e-01 1.415836507535794912e-07
9.706819147632684235e+02 1.059600597937279676e-01 4.386123267440481951e-08
2.191190429504510575e+03 1.931052953295272490e-01 1.735919476490156262e-07
2.614607839376849370e+03 1.000000000000000000e+01 2.602782770586138812e-07
3.984955309565916650e+03 8.588696335579292906e+00 3.548456787209728683e-07
2.050042240967765338e+03 5.688756264105612193e-01 3.787852752542594831e-08
2.312070303913504631e+03 4.931116999596591444e-01 4.943907361032071314e-08
3.329999198611217707e+03 9.522598976361421608e-01 2.449959292853185876e-07
3.093775298554007804e+03 1.000000000000000000e+01 2.990166892738688800e-07
1.514714812863693851e+03 1.211413796665395948e-01 1.479002780399138569e-07
9.942487535453695955e+02 9.751624653130749887e-02 2.222478776018308617e-08
1.311784403373107580e+03 2.208157119779849131e-01 1.200415069406832047e-07
2.495371770537475186e+03 4.073920847667904077e+00 2.222435225670631220e-08
1.194780240583316299e+03 1.487410787001168799e-01 2.181535588499155531e-08
3.905757921588435238e+03 1.000000000000000000e+01 5.236241627524742484e-07
2.122864612154323822e+03 2.539343481997339835e-01 1.709804763646766079e-07
2.212955748826267154e+03 4.006841825352746023e-01 2.038809965764561170e-07
2.082642474135590874e+03 1.737723178751849340e-01 1.749127763916663481e-07
1.690466162749163686e+03 1.789403120255743940e-01 2.404242016598270629e-08
2.566320054266019724e+03 1.766047536816614805e-01 2.036324369617537661e-07
2.519499395983328213e+03 1.325768266093569903e+00 3.098039000001479864e-08
2.171654243372795008e+03 5.800891760148879639e-01 3.306553752510014344e-08
3.262550146594916896e+03 1.000000000000000000e+01 3.435199916502306276e-07
1.573892235070373090e+03 9.045307402428458265e-02 1.442632187566650100e-07
2.115511413944689139e+03 2.789574823832786099e-01 1.831483963376807492e-07
3.358853912568730721e+03 1.776304599942611362e-01 2.396514955393829860e-07
3.439977863382093801e+03 4.041990957496208736e-01 3.128598142569010403e-07
1.651451050079578181e+03 1.133127019146665526e-01 1.406310445637782852e-07
1.606949965417617932e+03 8.486472202618981775e-02 1.621774947350835165e-07
2.145375868300153797e+03 2.025267867491346852e-01 1.706225508219029495e-07
1.746041579673989190e+03 6.987163111575468655e+00 3.532191739438603806e-08
1.995599494414851733e+03 4.139143385932954722e+00 1.469700674615605581e-08
2.576177684043202589e+03 2.342174602127538863e-01 1.940204691245335568e-07
2.850117165640051553e+03 4.651989226541080602e-01 3.044265112529737250e-07
2.200946092271501129e+03 4.532641458655741196e-01 4.076894597655267414e-08
2.363358867151491268e+03 1.860773263959543122e-01 1.846090617513669734e-07
2.689861621367228508e+03 2.606199816887470044e-01 2.273153530017290368e-07
1.633157065438139398e+03 1.972021907148064634e-01 2.169879003521089212e-08
1.663094270033370776e+03 1.375276252786676590e-01 1.412879514066986562e-07
2.378083723381084837e+03 1.417521007198737637e-01 1.908506679220797248e-07
3.095132632100256615e+03 9.988216537979227594e-01 2.461899902268006152e-07
2.127789504179127107e+03 2.123624776484257237e-01 1.750173035033369927e-07
1.793445142036335028e+03 1.457338644296617136e-01 1.392504315841269250e-07
1.740860702781621058e+03 5.173087431375900103e-01 3.452906629719044199e-08
4.011854332469137717e+03 7.058794873064497821e+00 3.502407424535424514e-07
2.622708644430602817e+03 4.144518713177390290e-01 2.514375867477924612e-07
3.457560922833416726e+02 6.479100223137110141e-03 3.372667457142971801e-08
5.545170475234174319e+02 2.242293288025196119e-02 4.041866006484353224e-08
5.558880890797250913e+02 1.913747726113182446e-02 3.589617570249624982e-08
2.272437997632170664e+03 1.983881153397069053e-01 1.882524913801065031e-07
1.236345125556922085e+03 1.138308808590767912e-01 1.824312737144630516e-08
2.874221893962597733e+03 5.730674641540125513e-01 2.753670946319461392e-07
1.825352301777940284e+03 2.634064378006515383e-01 1.589969450184853459e-07
1.710103718772866841e+03 1.701516020983245836e-01 1.486688177490183351e-07
1.600738648538088682e+03 5.887903140001710112e-01 4.182359710390116255e-08
3.607747009766369047e+03 1.000000000000000000e+01 4.353248377516856576e-07
3.070490587107812644e+03 5.688168422254723522e-01 2.786491931476404975e-07
2.330458726531197044e+03 3.610310128043298095e-01 2.174175103612545668e-07
1.735982986328561992e+03 3.308182590788274258e+00 2.264319956895151475e-08
2.223037739175152183e+03 1.405249792244126772e-01 1.673872498955724270e-07
1.932752856877355498e+03 1.150931639704535631e-01 1.606491292580015402e-07
2.184474628061409931e+03 1.479347435235679464e-01 1.770657097585585381e-07
1.393972121978168616e+03 9.461853452079285742e-02 1.343385754433576013e-07
1.141053928318641965e+03 2.171383703728918813e-01 1.222193412032554391e-08
2.680682048290008879e+03 2.670444669263254411e-01 2.267283113074888221e-07
1.894216348984648903e+03 1.180023262610785245e-01 1.564553966325157000e-07
1.811170625047474005e+03 1.443194294601822525e-01 1.488674584814441562e-07
1.302180583547717845e+02 2.500000000000000052e-03 1.729347343515681130e-07
2.350066545634670092e+03 1.270829222486427879e-01 1.768458442374346483e-07
3.116167209375114908e+03 6.310384211899167095e-01 2.786725669710846652e-07
1.168442674826145264e+02 2.500000000000000052e-03 4.021468979213600930e-07
1.736927207666599998e+03 9.041297492241891220e-02 1.460283228748215497e-07
1.779298894811100809e+03 6.251737234857454029e-01 3.310557588321417695e-08
2.687311132199441090e+03 6.163579764040231446e+00 2.247572283298219361e-07
1.324606161393934087e+02 2.500000000000000052e-03 1.783319258013364769e-07
1.265030765222321634e+03 1.016827246815375646e-01 3.028542223381893701e-08
1.947974759914298147e+03 1.155932593774349759e-01 1.526886608228137168e-07
1.146943593510930668e+03 1.714275476363991413e-01 1.898849591528565114e-08
9.378712712735199375e+02 2.326676801206568057e-01 2.421389423810492889e-08
1.794955113697440538e+03 3.184518298576545781e-01 2.862754289692555647e-08
1.833178241298804096e+03 6.439660196058403230e-01 3.136620026512911643e-08
1.101872097208090963e+03 1.465405710604004985e-01 1.355646478773547084e-08
1.303176107448795847e+03 2.417456750204093896e-01 1.601688570865345275e-08
2.272807293819643291e+03 5.940611795832615449e+00 1.471698671036094780e-08
2.076890350256121110e+03 1.475866479718788427e-01 1.525138947481065641e-07
1.382322141299927807e+03 8.014914352099448969e-02 1.403363412500850347e-07
1.417898340304385272e+02 3.270115408113251614e-03 2.873766144807233608e-08
1.698188722221499575e+03 4.939167185873221122e-01 3.311284166087284588e-08
1.590983369037722923e+03 4.065742703907275768e-01 3.659287410401065145e-08
1.061282453859259931e+03 1.729606225250741314e-01 1.097061164608052268e-08
1.908214497611181457e+02 5.183880861331610287e-03 1.259407938452636305e-08
2.050778967430225748e+03 2.936763188186405138e+00 2.070815190735599112e-08
1.629419965108218548e+03 1.695501401373146755e-01 1.426286449454428284e-07
7.516888946715708926e+02 1.078284346535338944e-01 6.239818249168937353e-09
1.090578129448324034e+03 2.149195691469144576e-01 9.467642290292735681e-08
1.755651413940142675e+03 1.191026262707036432e-01 1.366930488815622261e-07
1.577240466656248145e+03 4.024762431478082214e-01 2.681268058413244648e-08
1.059817552811381631e+02 2.500000000000000052e-03 9.342086276829749156e-08
1.461648159375000432e+03 2.549645516986888127e-01 2.314307204191168716e-08
1.300451434755395439e+03 1.378351972890470845e-01 1.013719412491310514e-07
4.486755033920846927e+02 3.810893642778793999e-02 2.417135916855197338e-08
2.168524312753415586e+02 4.732688837814476301e-03 3.398251125828816561e-08
8.777051791952008841e+01 2.500000000000000052e-03 1.301341670188129883e-07
1.106363570462246798e+03 1.484617885966801054e-01 1.011081711792500051e-08
1.281497819818049720e+03 5.498078800949831590e-01 2.552167357984028202e-08
9.254894589889502186e+02 8.348552224351139806e-02 1.529790925696510967e-08
1.582837847342260829e+03 1.133722338522843209e+00 1.877258916315377579e-08
1.376696006907908668e+03 3.290570117286679142e-01 2.063863171215967456e-08
6.977990760582536041e+02 5.680983982756480921e-02 2.058529145910951489e-08
9.324118841869578489e+01 2.500000000000000052e-03 3.024925356433180177e-07
9.738761034521127158e+01 2.500000000000000052e-03 3.378072269237299554e-07
1.040209089657464574e+02 2.500000000000000052e-03 5.758120616393728189e-08
9.767888457066635965e+03 1.000000000000000000e+01 1.428752999116569791e-06
3.566986996129493036e+03 1.014916703711020024e-01 3.097276894972112411e-07
4.701412268930967912e+03 2.319027979923844462e-01 3.720495881837137045e-07
3.143140580568044243e+03 9.183312618275021877e-02 2.683493426963906649e-07
2.932787700604833390e+03 1.295411572637899411e+00 4.643695357281552901e-08
4.596755310284308507e+03 2.514092805812019993e+00 5.630202726673213309e-08
4.658063240217435123e+03 2.808803467085335681e-01 4.047000012765596135e-07
4.068615457930124194e+03 2.043712151252917719e-01 3.263599220531671468e-07
3.578761468729783246e+03 2.001981494090699920e-01 2.708389626641037963e-07
3.066281914940824208e+03 2.829003135527257684e-01 2.911794548139772966e-07
4.173593057730657165e+03 1.923409551075230262e-01 3.191766202099112794e-07
3.235221551517266562e+03 1.538423088195590260e+00 3.698922813241625146e-08
3.059440111656756926e+03 1.764460990083850378e-01 2.721890044116124753e-07
4.332546054401152105e+03 4.522769169870380912e-01 4.378105121203864952e-07
3.368069639095651837e+03 1.693455937031656811e-01 2.808350478284533307e-07
3.665898982339572285e+03 1.398603486579597377e-01 2.815577722439997047e-07
2.891760550187211720e+03 1.176962636192188105e-01 2.155890140827285005e-07
2.499061600195275787e+03 8.788532805162246886e-02 2.281828172223324874e-07
3.385165279809995354e+03 1.597451199563895419e-01 2.594119761530756745e-07
3.205221621453524676e+03 1.565119487413736132e-01 2.486106682967124008e-07
3.528596006304294406e+03 2.119087545705271303e-01 2.852598395453599922e-07
2.716871866527538259e+03 9.732031840573499015e-02 2.088064992116991901e-07
3.807315424990554220e+03 5.542407824099421454e+00 3.054599300804143511e-08
3.088577416009235549e+03 9.095739806525673377e-01 5.734769846052341730e-08
2.461254675905754993e+03 7.931826181010748211e-02 2.387895021417847156e-07
6.904360948168370669e+03 6.261827356801435984e-01 6.043752378645647788e-07
6.054798906424626693e+03 4.755634254368531488e-01 6.109847289066639947e-07
3.899475174279677958e+03 3.170134033352242642e-01 3.407886771140244401e-07
1.860998680224904774e+03 8.461516604826829768e-02 1.916962440792930933e-07
2.765329145353258355e+03 5.032921746513687289e+00 7.796835783000532026e-08
3.406971814901679409e+03 9.222873606945858338e-02 2.955382441305443415e-07
3.752935491506108065e+03 6.061237516797743918e-01 5.951484970415830373e-08
3.131984244272172873e+03 1.425149376538983881e-01 2.390577011271704525e-07
4.548317174203296418e+03 6.722227982792872147e-01 3.776514667723921600e-07
5.166074133556390734e+03 1.000000000000000000e+01 5.121722851389456867e-07
3.056948646908084811e+03 1.403234392548354248e-01 2.443790263887811173e-07
3.721855732035634446e+03 2.121062821211625038e-01 2.991680413949051159e-07
3.171419732965536696e+03 1.203482787326198150e-01 2.285639535236808950e-07
4.343612947829557925e+03 6.288779514234230650e-01 3.861196988246782478e-07
2.729660959552551503e+03 1.271235301163141374e-01 2.219778016447421006e-07
3.186645897263254938e+03 5.540528455390499873e-01 5.286408097810070970e-08
2.541585688574071810e+03 9.720947392842829715e-02 1.992624152507918421e-07
2.771571048166970741e+03 1.086515638176284992e-01 2.295680043851061724e-07
3.415278825834871441e+03 2.252932892533267284e-01 2.628604550894074729e-07
3.078643853055526961e+03 2.239551057286285340e-01 2.385360512637689043e-07
3.654338320315899182e+03 2.305929413162229324e-01 2.912626323380724956e-07
3.380689533711050444e+03 1.771493170974773601e-01 2.731220788458334101e-07
3.472373288113215494e+03 2.084168099536357621e-01 2.474669403331830526e-07
3.470547570932981216e+03 2.556130496180296086e-01 2.874906946439843979e-07
2.733477375501477582e+03 8.971179347403394067e-01 3.294640105047317937e-08
5.068434054789805487e+03 7.324974561837545028e-01 4.158058886471081596e-07
7.488579136279319755e+03 1.000000000000000000e+01 9.437751777772638218e-07
7.581766378829410314e+03 1.000000000000000000e+01 1.081168087107761313e-06
9.042019712907300345e+03 1.000000000000000000e+01 1.675372116727183449e-06
7.697812366795165872e+03 1.000000000000000000e+01 1.187537582393436873e-06
5.503773441564951099e+03 4.921845209524676967e+00 4.330059260210256102e-07
4.553881239905086659e+03 4.838527239494671006e-01 4.837548032951845034e-07
4.457797443424675293e+03 1.542696760493273533e+00 3.645381841551426976e-07
2.693662319077471238e+03 2.214814631170349268e-01 2.509861392715287160e-07
6.576604830646862865e+03 1.000000000000000000e+01 9.307579155671341506e-07
3.886503634860959210e+03 2.758689414848222721e-01 3.215619317564117962e-07
2.958781178080578229e+03 1.975219330989461675e-01 2.350827974566927354e-07
2.004288478047463059e+03 8.476467881992838516e-02 1.990640116387927842e-07
2.391739335712235061e+03 1.554667324074025803e-01 2.038212316338872705e-07
4.711063400664253095e+03 1.000000000000000000e+01 5.974693545974752316e-07
3.963091901435489490e+03 5.271571425810371858e-01 3.784425232025502338e-07
2.262636218293981983e+03 9.996021559495717190e-02 1.806186984678802219e-07
3.681325984380937371e+03 7.227067394724590033e-01 3.130610675277065866e-07
2.305135235358327009e+03 1.416648781374004462e-01 1.897973386546223697e-07
2.879520585164827025e+03 1.762041402617336994e-01 2.302687734438628462e-07
2.633723234761348522e+03 1.569303203536641100e-01 2.070941195736489306e-07
2.446826697385310126e+03 1.106568839265730242e-01 1.876550965771296567e-07
2.145636170473724178e+03 1.129837703224994688e-01 1.795300210977628126e-07
2.149355694676925395e+03 1.081029614510607140e-01 1.758938854392536904e-07
2.724080912413946862e+03 1.094032506530913940e-01 1.914642359594109841e-07
1.740028012855384759e+03 5.963333318585145593e-01 3.208868332444096725e-08
1.709189561144438358e+03 8.247554576218586730e-02 1.690228499662000793e-07
4.661288959591840467e+03 2.723063699495159029e-01 3.833011682298135907e-07
8.153533116947683084e+03 1.000000000000000000e+01 1.140284577261117570e-06
5.355182911316672289e+03 5.149994439003663382e-01 5.365277107933661097e-07
2.175944408294530604e+03 8.189508211141989513e-02 1.925354690557071637e-07
4.960288428239373388e+03 1.000000000000000000e+01 4.958029637252588660e-07
3.235987127783708274e+03 1.414441155648668846e-01 2.520829717897686451e-07
5.262306593827705910e+03 2.137127437164088928e+00 4.097555098118961137e-07
4.774233973734240863e+03 6.660293617158189461e-01 4.022534349231767704e-07
3.291531379581064812e+03 1.009235983031247397e+00 3.413656995946013473e-08
4.445768399568432869e+03 4.562451673963007770e-01 4.372321206216407812e-07
2.348786433100960949e+03 9.840777889805617240e-02 1.966697649340557799e-07
4.037858576454433205e+03 2.833119954995173551e-01 3.409634214788787315e-07
3.941796361656152840e+03 3.519331026644122451e-01 3.756554139231635808e-07
3.636208677973039357e+03 3.197924899053548042e-01 3.294398648746535272e-07
3.488693844490098400e+03 1.776829767597801479e-01 2.619356546578967760e-07
2.456907728229733038e+03 9.031750865995548383e-02 2.113619469506904302e-07
3.703890282938376913e+03 2.297660027920528369e-01 2.875096958768028371e-07
3.808386770635056564e+03 2.328827360587590045e-01 3.062473084642774012e-07
3.425323434182099390e+03 5.989315703023562421e+00 5.275025499462787659e-08
4.558802618670300035e+03 8.246165041103402649e-01 3.548026858389918778e-07
3.868820096147104323e+03 2.662933913948186126e-01 3.204839265336880068e-07
2.697261075517251811e+03 1.287723659641670237e-01 2.210661568360624271e-07
2.899109753387934234e+03 1.256809139961447830e-01 2.299388860426748585e-07
3.631968224156203178e+03 3.505149867893359583e-01 3.368306966166891295e-07
2.656696337468966249e+03 1.191864579355028375e-01 2.142901556752856897e-07
4.233799846534869175e+03 4.112886730177098271e-01 4.026485231957272496e-07
2.769378623811340276e+03 1.512186099296648767e-01 2.270449443291325861e-07
2.406496349273338183e+03 2.131624081426598261e-01 1.411256543255666505e-08
5.478095253725973635e+03 1.000000000000000000e+01 6.188975955223436994e-07
5.134953083674216032e+03 1.000000000000000000e+01 6.005116559917241113e-07
3.840312447628411064e+03 3.964012976501737340e-01 3.751622064995476208e-07
3.257634674715306573e+03 1.160636390885108282e+00 3.294245695736244084e-08
2.978392821711186571e+03 5.682211463137696317e-01 4.751885928584092448e-08
3.247182342208468071e+03 3.084954017571759910e-01 3.040738538682759477e-07
2.900462090904934939e+03 1.699128183629481093e-01 2.272068517387451779e-07
3.287907666727669493e+03 2.307399514457160739e-01 2.736098182854160642e-07
3.193443440436520177e+03 1.655206828187430201e-01 2.509547881911548070e-07
3.476744232180331437e+03 8.681275059016811957e-01 5.464638870268009324e-08
3.585388518542420115e+03 2.369003429756932899e-01 2.874368575300962660e-07
3.513074161018979794e+03 1.827203598937137130e-01 2.847350183531807907e-07
3.445499472245350262e+03 7.674727370151739336e-01 3.033752662026107447e-07
4.185172855591861662e+03 8.573092652434621819e-01 3.376298246490623785e-07
3.207630538238090594e+03 2.393393700922931133e-01 2.718905539740899828e-07
3.207976578078587863e+03 1.644874794337607415e-01 2.446579874055049255e-07
3.067724021458529478e+03 1.578355206814087974e-01 2.407618725692220831e-07
3.924334099106997655e+03 3.254669754733989784e-01 3.548930774298344543e-07
3.408000666131660182e+03 2.696652489230585426e-01 2.821709362814794233e-07
3.006214413844414139e+03 1.367391176705521350e-01 2.410410450194242906e-07
2.569109695363771607e+03 2.229266264731079583e-01 2.349023594519475778e-08
2.806189645144090719e+03 3.473918141473750776e-01 4.604334610633254759e-08
1.710782144358915957e+03 7.051311073068357305e-02 7.340016108131609982e-08
3.248531185753923182e+03 1.103504604282235180e+00 1.008916326004519845e-07
2.499287979311080562e+03 2.783609027187162743e-01 2.318304367975674196e-08
1.851184125403057578e+03 1.226702442714349417e-01 1.202342467293418639e-08
3.324450972501500019e+03 4.632179723517180214e-01 5.862311499366226309e-08
2.577004456106109842e+02 2.500000000000000052e-03 2.385655441250549720e-07
2.955286106868494244e+03 8.537184350553297940e-02 2.612520499592385099e-07
1.830927353759295556e+03 6.599628822797107275e-02 6.609292595717825385e-08
2.107068875189060009e+02 2.500000000000000052e-03 2.253067650845808075e-07
3.014083656297807465e+03 2.613820651244869175e-01 3.397053150874486225e-08
2.429663269175161531e+03 1.732932776656643248e-01 1.786518382797366726e-08
3.048092209653426835e+03 2.620825990547286377e-01 2.601302367046743728e-08
3.294563987757878749e+03 1.491939500204377822e-01 2.502980799227405712e-07
3.208711926600011338e+03 1.735695199518759502e+00 4.037675555887700009e-08
3.485920751203934287e+03 1.136447784690026275e+00 3.509506579299525795e-08
1.848509227485318661e+03 7.184561252903927386e-02 3.947375910303879118e-08
1.241859491973127888e+03 5.798091572479541905e-02 8.073246290899152097e-08
2.760071628831902217e+03 3.399641389595165486e-01 3.665454255358096274e-08
2.717540143292518223e+03 2.863734880271040506e-01 3.485313988791736393e-08
3.311912829262311334e+03 5.297095695635168910e-01 5.357921560383921863e-08
2.794569603421985903e+03 1.827051644933969654e-01 2.431029080659957848e-08
3.330943546061324923e+03 3.229494236414772179e-01 3.891359822941539082e-08
1.200774846929778477e+02 2.500000000000000052e-03 3.726335490823486278e-07
2.092318565168115583e+03 1.123716479839650811e-01 1.610084268103046640e-07
2.023453996758919175e+03 4.020060852351944880e-01 3.388237172130344073e-08
2.176194680477467955e+03 1.326875267421482318e-01 1.772302258458481881e-07
1.484996371020374909e+03 2.188635088882484037e-01 3.218294072774269510e-08
1.902673319417983976e+03 3.726302045500236026e-01 2.756535256072919897e-08
1.830899210033513555e+03 1.161550033876862231e-01 1.532066059389925613e-07
2.888005340151416931e+03 4.807122982065805683e-01 4.761655934662116553e-08
2.895032683033901776e+03 1.819545694992337204e-01 2.479990209686164693e-07
2.376988645838808225e+03 1.197186323362117999e-01 1.822210370391029347e-07
1.633596443361673437e+03 2.015518990067927674e-01 2.525730378260721076e-08
1.664202112633368870e+03 1.747593395861674059e-01 2.245073271197635715e-08
9.409848372449433782e+02 6.162254006901634468e-02 2.766865223295555003e-08
1.409379091703637641e+03 1.394094616458849134e-01 2.036262971628091409e-08
8.132764682488674453e+02 5.152327835401480927e-02 2.629641288297344690e-08
2.263212023400243652e+03 6.407556653393531310e-01 3.084327479227085932e-08
1.832353198301835164e+03 2.839823152507980342e-01 1.745779463939446403e-08
1.451411267184617827e+03 3.480904769954052957e-01 3.625385021438290083e-08
1.607025393739529818e+03 1.564888817786605768e-01 1.999827583655158930e-08
5.308057163518685684e+02 1.783065536022726202e-02 2.828684565074274702e-08
1.122800262491830381e+03 1.027257165486628460e-01 2.174128996558093768e-08
1.802180227863203754e+03 2.421881883365064603e-01 4.741414158255179865e-08
1.800421511202481042e+03 2.881717068424598516e-01 1.761928502282829827e-07
1.711591912192331620e+03 3.189313974509498384e-01 2.088499647205459498e-08
1.073964399539497663e+03 1.005034049946708641e-01 1.407557303199693360e-08
1.011208824324133502e+03 9.451819958864947357e-02 1.522987521338377369e-08
1.312658226745754064e+03 1.319157439793782194e-01 1.736436913887158872e-08
1.426632566894949832e+03 4.137106176200755492e-01 5.190116396155481102e-08
1.465625913842630780e+03 2.643533614414501076e-01 2.745997387616262576e-08
5.262309482724658665e+02 9.855785126108374331e-03 5.735878093061647136e-08
1.990134210112589244e+03 4.710784986092008131e-01 5.897907454367362807e-08
1.729559168347652985e+03 8.353520436137797101e-02 1.590504728329519804e-07
1.432663713961303984e+03 1.853686580025221131e-01 1.837202161822696874e-08
1.350887083109022569e+03 3.298977655403731446e-01 3.165954406446385985e-08
1.723810076997618808e+03 4.101033680494823308e-01 3.350447471074687368e-08
1.124127834457914105e+03 1.682438310589241537e-01 2.950640964935903961e-08
8.207978079630653383e+02 3.492568766951361509e-02 3.162372509172126792e-08
1.627601532054738414e+02 2.500000000000000052e-03 4.095517368002273976e-07
1.944719029897303244e+03 2.518569619366736179e-01 2.756443978877288179e-08
1.563884116791736687e+03 1.653922082258192094e-01 1.362015484815068497e-08
2.708570920273030424e+03 2.269570377766106928e-01 2.008827278343770858e-07
1.237797097084891675e+03 2.130157219239961208e-01 1.988539177339843551e-08
1.617440117800990947e+03 2.480395209958194125e-01 1.331080072442275793e-07
1.064516260995133734e+03 8.915239630530866211e-02 1.842368244659307691e-08
1.858381524203415211e+03 1.556154924420656005e-01 1.470475414516940406e-07
1.075018207984901210e+03 1.928614532688240346e-01 1.722130036874458909e-08
1.076099708004989282e+02 2.500000000000000052e-03 2.246793865658903444e-07
4.377203398624614010e+02 1.387192202433069552e-02 3.059243549657367738e-08
6.403892734883953608e+02 2.185863534404895031e-02 4.100293049876063791e-08
2.307647297588818674e+03 4.665096630472985173e-01 4.146741364366253954e-08
1.496405942429455763e+03 1.114148753009427395e-01 1.289067923112150628e-07
1.814918016231544016e+03 3.504484658770042338e-01 2.445288179042569811e-08
1.141091513820846785e+03 1.445525948740614686e-01 1.196934876905828996e-08
1.343946090669934620e+03 1.475205526697112857e-01 2.435479481231828714e-08
7.853042522813514097e+02 8.723657953933841580e-02 1.601991078789369743e-08
9.832147001554227472e+02 8.610468864901621444e-02 1.429927964304625837e-08
6.852974052533995746e+02 3.168451128169712944e-02 3.718615161632284927e-08
1.509024029740736069e+03 1.524543535031767927e-01 3.490370435443233180e-08
1.734306960188048379e+03 2.560629189394101890e-01 2.275476357133675747e-08
1.337570085818920006e+03 1.175156101512165041e-01 1.836638771447386407e-08
1.637602016700327340e+03 1.076695322092306173e-01 1.365709449532505293e-07
1.231628842597937137e+03 3.659702165259754447e-01 3.308888877662258250e-08
1.992749287253631110e+03 9.837588821756411139e-01 2.786014466389297810e-08
7.069909780307615392e+02 4.155322395493822596e-02 2.117957783396652359e-08
1.533938905139068311e+03 2.336589309501380107e-01 2.088837649145360043e-08
1.507359404909027944e+03 3.776319990357785428e-01 2.251959509383770374e-08
1.516238556587268477e+03 1.977226560082846474e-01 1.694727259105591477e-08
1.831956907284042927e+03 3.928736341981894364e-01 3.454231579051443268e-08
2.119308437355325168e+03 6.358092398964085845e-01 2.882588211640586350e-08
8.821522123026802547e+02 4.719820462936528266e-02 1.922650957379583130e-08
2.261437870722206753e+03 1.994447141245924149e+00 2.841579745311047068e-08
2.171539795887651508e+03 1.671412366671463978e+00 2.614832100212446455e-08
5.989281758404102902e+02 3.668704299494261051e-02 1.924492088346377699e-08
1.363661008183821650e+02 2.500000000000000052e-03 2.154333296563628892e-07
2.022640058123261326e+02 4.493677958756956380e-03 2.712907259855103525e-08
1.723263181766305479e+03 6.020033181249007104e-01 2.534918673057275674e-08
1.574808809795567640e+03 4.596343214336945371e-01 3.122470750907399372e-08
1.432059807444742773e+03 2.870098087818514498e-01 1.484063383079015163e-08
8.175005307813264608e+02 9.538950927841068073e-02 8.231442875160538745e-09
1.013140515674269153e+02 2.500000000000000052e-03 2.127562397053347869e-07
1.869143159654979854e+03 4.544145832260876317e-01 3.335010608296597545e-08
2.301644548354289782e+03 2.144545331845880920e+00 2.949815401616024047e-08
1.890864129375317361e+03 4.109137739475653972e-01 3.359790222687779744e-08
7.367984958031451015e+02 5.401693781970599850e-02 2.169304596559449365e-08
1.487191781363212613e+03 8.633716528279122837e-02 1.482468933782583382e-07
8.758880799559109391e+02 7.543025273990809632e-02 1.972819078612959492e-08
1.169750662592673280e+03 1.519506032817523611e-01 2.210735702455613565e-08
1.170146626553171927e+03 1.027493188939156976e-01 2.673457066216936583e-08
6.571939118095252752e+02 4.335905249030150982e-02 1.748901923231802740e-08
1.493809396655707587e+03 1.478131028131262903e-01 1.705300915148731641e-08
2.239751409716318449e+03 6.737979587450046992e+00 2.399722733075770629e-08
1.814658485094246998e+03 3.664806027805418420e-01 2.733799756812253268e-08
2.443115410232961040e+03 1.723355899181674200e+00 2.663250083604027981e-08
1.532540656236268717e+02 2.500000000000000052e-03 2.733482330234353289e-07
6.026467992381059275e+02 4.279088554011111628e-02 2.905312700016593204e-08
1.245879817311463057e+03 9.971125233778227459e-02 2.203274536507654478e-08
5.955367172163969371e+02 3.719160108536133380e-02 2.306806961439959073e-08
1.637245598334523947e+03 1.944082012465534470e-01 3.285199069561527172e-08
1.749731059586998981e+03 1.932899906531719836e-01 3.336389657422851003e-08
1.475220330848434003e+02 2.500000000000000052e-03 3.858993901757637755e-07
2.344492033540621833e+03 1.432361693251638368e-01 2.024224688495362088e-07
2.829516629603583624e+03 1.805242958602026881e-01 2.105530108937985124e-07
2.828763357371716666e+03 3.716805076012257736e+00 1.741599681360318126e-08
3.133567346216685564e+03 3.238308303892531437e-01 2.875790303077656231e-07
2.131863685621241984e+03 1.025257797066514431e-01 1.740823670408058035e-07
2.761392460349578414e+03 2.455426395303025533e+00 2.722088121548596047e-08
2.210941203020577177e+03 9.992194908232418515e-02 1.702958725103881899e-07
2.189248578409193215e+03 4.807190273391315771e-01 4.057647087486785589e-08
1.580439640321507341e+03 2.102867397750029232e-01 1.216682120778821643e-08
1.895380337923528714e+03 7.986520283343977178e-02 1.876717979035845919e-07
1.984799933866727997e+03 9.872390139743102144e-02 1.664675473097399674e-07
2.324616767449914732e+03 1.294111556085270620e-01 1.878355315896488387e-07
1.762121838215806292e+03 1.970040238732897186e-01 2.740725927954860798e-08
2.574305167438837998e+03 6.977033013240450110e+00 3.289821626983817151e-08
2.206338565842020216e+03 1.086337615483619762e-01 1.686322615905402978e-07
2.121927830688671293e+03 3.138426458320445200e-01 4.149918489979448295e-08
2.242444570857514918e+03 5.186297936193192015e+00 4.370004237033580224e-08
1.195664077212433540e+03 9.197001983823761828e-02 1.501289760469075988e-08
1.945550341941548822e+03 1.393199521146690767e-01 1.644004153748929837e-07
2.547856113185367121e+03 1.026305902184076135e+00 3.039813137728618699e-08
2.331957354027106703e+03 8.280464894979028267e-01 2.781046166756637274e-08
2.025604046384700951e+03 3.505542414933125461e-01 2.606225521836722521e-08
2.442297403484541519e+03 1.196629359221696776e+00 3.414129530482162020e-08
3.152773350688394771e+02 4.837819110889642234e-03 7.240528504313779356e-08
2.536659558580147859e+03 5.808641551698424443e+00 1.920747462072841189e-08
2.405236334476387583e+03 4.168603477081930242e-01 4.668064817831284298e-08
2.093587621750866219e+03 3.078949718115435163e-01 3.066506540687296559e-08
1.438578985795675862e+03 1.130710691718215949e-01 3.629644187364378549e-08
1.728895126357426761e+03 5.549913971134771140e-01 4.000902078715368438e-08
1.308586914627426268e+03 1.153782532935541394e-01 1.508021773695493405e-08
2.068132414405343752e+03 5.056333333004934261e-01 3.690564386814418641e-08
1.186202920326120989e+02 2.500000000000000052e-03 3.296807568432171838e-07
2.694379985003382103e+02 3.244693504057102364e-03 8.178237220265286771e-08
1.195641944613598469e+02 2.500000000000000052e-03 4.926258050977166466e-07
1.074768598233908278e+03 8.590791706580173936e-02 2.221079997455749793e-08
1.425104596092688325e+03 1.137685669879073547e-01 2.337561895002000831e-08
1.379530440379657875e+03 1.222632979670569969e-01 1.634166400440442288e-08
1.376075653565071661e+03 9.574362065701601254e-02 3.983792399903784804e-08
1.715760472444979769e+03 9.742086032835345355e-02 1.420605554896438770e-07
1.797204202517849581e+03 3.981753505826036710e-01 3.326421498151993642e-08
1.336480464531533698e+03 9.410443889752818925e-02 2.893735142494190338e-08
1.381467353523511008e+02 2.500000000000000052e-03 2.109730018510975370e-07
1.307456101406201014e+02 2.500000000000000052e-03 8.372515583029668470e-08
1.209156692085636706e+02 2.500000000000000052e-03 3.611350171437983412e-07
2.206029420104133862e+02 2.500000000000000052e-03 2.428203048305768879e-07
8.743536092103670399e+02 5.457743270545165754e-02 1.869977866419147300e-08
1.041709363143503651e+03 1.395406165254124975e-01 8.960872375173895105e-09
4.754494549943643733e+02 1.024670494786189545e-02 3.147566291371887333e-08
1.744920447644442447e+03 3.170494282759803717e-01 2.069954767363396521e-08
1.248879860786652898e+03 1.955980990983174073e-01 1.440544394107361180e-08
1.135802872396337762e+02 2.500000000000000052e-03 3.646070633736458412e-07
1.480468865037282171e+02 2.500000000000000052e-03 3.904699706518121011e-07
6.892089238923936136e+02 3.395993364757746158e-02 3.102928240287163043e-08
1.175414934791735391e+02 2.500000000000000052e-03 3.936977518746666355e-07
1.302887826529203494e+03 1.403357453639107466e-01 1.788292310565148558e-08
3.641881814821322223e+02 7.001119622474434069e-03 2.653403179662236822e-08
9.508458921750708441e+02 4.386263189021110537e-02 4.561356723452948507e-08
2.359031348803862784e+03 7.738980090847283888e-01 2.216861602977039390e-08
1.162045724177032753e+03 7.320389768134925867e-02 2.561595994331721000e-08
1.708172736457823476e+03 2.873336451048108531e-01 2.905073493547828906e-08
1.200588884459462093e+02 2.500000000000000052e-03 4.689621040321232423e-07
9.644315452614962396e+02 5.982460829944968861e-02 2.275361699581974365e-08
2.505003461331161532e+02 3.103817306553945457e-03 7.490766613311067599e-08
2.497982465359112325e+02 2.851967061550833397e-03 1.042124368957269395e-07
1.334677513940847575e+03 1.013098589478753780e-01 3.143958967478742130e-08
4.219726026934002903e+02 1.059031119496973289e-02 3.415545280357683074e-08
1.433493320835097393e+03 2.028241797396810320e-01 1.393673385753772107e-08
8.935897908482861567e+02 5.842424584555943462e-02 2.035432784858921792e-08
1.577545283050210628e+03 3.204237727280936365e-01 2.110126907961056989e-08
2.094338847427418386e+03 5.243436420909052265e-01 3.427230232452178202e-08
2.176086564141472081e+03 2.999164538251063994e-01 4.185861299689736814e-08
1.388539049620308560e+03 1.009746466069373627e-01 3.316847796529444935e-08
1.080255633452674147e+03 4.879001682674566354e-02 3.687134728300287402e-08
1.458571785683581936e+02 2.500000000000000052e-03 3.507881808149309233e-07
1.279891646108296754e+03 1.236138978671077054e-01 2.405866806722649763e-08
3.127997360564075962e+02 7.084304077292769876e-03 2.461629929996349617e-08
1.798860526211949491e+03 2.526754869344653986e-01 1.757092938992247809e-08
1.794967923849318595e+03 5.328597883687160586e-01 3.597469753850745853e-08
1.493644161672321161e+03 1.965386055134593357e-01 1.530630910328633809e-08
2.111478915544394567e+03 6.324408464417952125e-01 2.848717917880689135e-08
1.049401053601525746e+03 4.497708807556632937e-02 4.997525705070444608e-08
1.361862743143243961e+03 8.464673421071503001e-02 3.347011470867808062e-08
1.757823209231499391e+02 2.968104276365188168e-03 5.112788934975949220e-08
2.273923968766069095e+02 2.983357229198203234e-03 5.536272111085216587e-08
5.281302790521369843e+02 1.752432441804708044e-02 2.584947536426885618e-08
1.547902735858253038e+02 2.500000000000000052e-03 4.238918509925265327e-07
2.125991372063441247e+02 3.143488552577249854e-03 5.051060402069038873e-08
1.419337546972546420e+02 2.500000000000000052e-03 3.667955955956978745e-07
1.081195710541213202e+03 7.924413433621599334e-02 1.999225187358680668e-08
1.548917157852123410e+03 1.006743598581887333e-01 1.300801430064273655e-07
1.751350361666191930e+03 1.541696256507985863e-01 8.861219378185672488e-08
2.045278772950686744e+03 2.352815377345657044e+00 2.600934296504146629e-08
1.483989086145296142e+03 1.963552522577786674e-01 1.424864744294902315e-08
6.422381562820735326e+02 5.396643366854043250e-02 1.693654535860199798e-08
1.491839555619160080e+02 2.500000000000000052e-03 4.123434619834155815e-07
2.307572237943598452e+02 3.262686672854627802e-03 7.639009525363166621e-08
1.028828648612618053e+03 5.315033666369363419e-02 2.935347074510200737e-08
1.159468065146117368e+02 2.500000000000000052e-03 2.445391720471207659e-07
1.162006810563236513e+03 1.161946069433160145e-01 7.423629899045807774e-09
1.718261669419435975e+03 2.142807764572196016e-01 1.695417829087603215e-08
2.181113972882988946e+03 1.245090638589271714e+00 2.481924998253358742e-08
