1.237896608982213564e+02 9.919015810178193407e-03 1.731545809439444380e-08
5.989715788850435274e+02 9.065413504254321575e-02 1.339737233273641921e-08
6.409024934061360455e+02 1.459765869628889545e-01 1.069921349888135629e-08
8.467334428886119895e+02 1.649761351949328714e-01 1.493722853053943052e-08
1.157443203514576226e+03 1.015231708260323051e+00 1.462661483498597179e-08
6.667712635163267123e+02 1.579457695453465593e-01 1.067161779739913749e-08
4.815638789123044035e+02 7.839864869631867073e-02 1.306484334385924313e-08
5.650850518889157001e+02 1.174989677824105766e-01 8.091491684925856599e-09
5.406806816424185627e+02 9.349920105490486244e-02 1.348593300469056830e-08
6.325166204916677088e+02 2.421179019943608679e-01 8.857626685584097216e-09
6.549031361362644930e+02 2.599068777582805301e-01 1.015390159352193788e-08
6.436621094451712679e+02 1.420821646758061441e-01 1.061963623265481416e-08
1.000000000000000000e+02 5.000000000000000104e-03 1.529946115851262501e-07
1.106352903570321473e+02 5.000000000000000104e-03 1.920993311756644571e-08
8.572971831841288122e+02 1.353046352370340433e+00 1.221612416297482492e-08
4.635188088712487797e+02 1.576203154120069949e-01 1.318639990441233509e-08
6.887177023291482101e+02 1.129558638099074919e-01 8.558788116449380856e-09
8.400905932474034898e+02 3.539945907937814829e-01 9.128973833084971401e-09
8.929828038695970918e+02 5.733150164277778238e-01 1.031697818691138419e-08
3.854072824823351198e+02 7.175128603351114964e-02 1.193649362563104194e-08
8.660955426756826228e+02 1.820432876372812259e-01 1.523092883834183277e-08
7.808131710891291277e+02 4.375199504666182349e-01 7.724161109909896987e-09
8.576844882298961465e+02 3.513205875172071835e-01 7.471296578551992320e-09
8.320522091639584232e+02 2.166780116755129271e-01 1.303094293350905123e-08
7.339065428036733465e+02 3.868740180866729328e-01 6.169429814760327693e-09
5.102717447400237347e+02 1.622827578583046215e-01 9.656087172596442917e-09
4.367727854532511742e+02 3.494727762518557573e-02 1.843856980589167569e-08
7.009613384433706642e+02 2.274708877324581047e-01 9.622495260285640139e-09
6.065359178103166187e+02 2.428709756157419186e-01 9.335346460406528640e-09
6.583620001970882640e+02 4.720589546149120963e-01 8.661349926494126471e-09
4.848912957538656201e+02 5.554317117164148110e-02 1.370981499684998764e-08
7.664694353644617877e+02 3.028736834053298299e-01 5.685098795399258835e-09
1.294953296433255616e+02 1.044081632313056084e-02 1.184931005635429178e-08
7.054078519063674548e+02 1.086394418550716418e-01 9.161783217607967013e-09
7.768084182445076067e+02 2.266092383626132634e-01 1.092462906952825387e-08
6.428826345080378815e+02 1.839919022227452794e-01 1.054850242339143446e-08
3.162372274904680012e+02 3.335739255734065239e-02 1.529444983259700976e-08
7.764739390266129249e+02 2.569460975933766100e-01 9.085575155931040993e-09
7.463998349934415728e+02 1.000036843705681550e-01 6.866263671840666699e-08
2.522300452378389082e+02 1.605191304917697251e-02 1.690545442142822702e-08
4.524571141637902656e+02 5.213848359653832504e-02 1.342024210577649485e-08
8.481651938292050090e+02 3.585179695829256441e-01 6.225194997354257463e-09
7.052937179818321738e+02 3.334385055219200589e-01 4.538155118509005444e-09
6.761849320443902798e+02 1.315835076294612493e-01 9.931356904485296878e-09
4.676220627517092225e+02 7.840720271188501844e-02 1.155395687011340025e-08
5.883471455857919636e+02 1.915768796437104515e-01 1.233056964269763698e-08
8.852207485214383951e+02 7.591186173999141529e-01 7.889318606727968820e-09
2.846692240251251746e+02 2.326189512187948685e-02 1.616632144387893431e-08
8.379192291411231963e+02 2.706379037450194480e-01 8.761104092712285618e-09
7.992701054579742959e+02 5.052991155131609791e-01 9.846251572134811460e-09
5.748117758455855437e+02 2.323624964557474970e-01 8.008072687370056817e-09
1.031626538414646575e+03 6.042794129213736598e-01 1.005553700606035745e-08
7.976842751711807296e+02 3.956134867801675004e-01 6.665595088361358582e-09
8.963409195948671595e+02 6.832583044346334233e-01 9.424652786297845986e-09
3.626963063292370748e+02 6.658095492130651494e-02 1.144040648594827174e-08
7.219137954599502791e+02 1.741005130091199671e-01 1.192578555817510112e-08
7.217044721178772306e+02 2.007727235287940504e-01 1.114434502089295060e-08
6.043667244973410106e+02 1.625957465117678358e-01 1.030412588718967347e-08
5.984571921121630567e+02 9.142867283519913457e-02 5.745333039624698011e-08
4.546956550409857414e+02 7.829426811493431226e-02 1.156172182294906587e-08
6.366997705221846218e+02 1.023781478267614398e-01 1.105391582499497832e-08
8.411402299706787744e+02 3.896086009174593578e-01 6.669421171325426188e-09
4.694888863003826032e+02 1.526390632044069828e-01 9.135715213926922424e-09
6.921258122592367954e+02 1.436828092030223714e-01 1.168513860577040327e-08
7.817686804862970575e+02 2.209052785926964579e-01 1.114479710508053973e-08
9.953897658607330641e+02 4.509363542176239026e-01 1.035670990815043709e-08
6.397494898647736363e+02 2.003836885920245448e-01 1.045890858383703827e-08
5.390757751301430289e+02 3.782042694148530781e-01 6.220324997137896168e-09
4.765614891503270201e+02 5.956613021183869427e-02 1.272657841295203541e-08
6.774688703708048934e+02 1.694065411288691314e-01 1.113836397482290230e-08
6.745218192470729264e+02 1.498116220545214206e-01 1.165639679674003096e-08
7.320804612237983520e+02 4.828748092152937987e-01 9.406225377786502100e-09
5.181798480202202200e+02 1.925582926347715329e-01 8.836358844777054146e-09
1.916098118380359381e+02 8.370766185892197439e-03 1.733338787644247849e-08
6.344504766070647293e+02 9.162801675900748843e-02 1.629191736213047186e-08
4.392346762517396996e+02 4.027441508935526715e-02 1.455828939532948349e-08
2.006152723582123087e+02 9.150772726787667968e-03 2.024328886052609658e-08
6.774321446388014465e+02 3.104458225739198940e-01 4.309422864159776028e-09
7.751049090543865532e+02 1.164404697293789787e-01 1.090954601613656887e-08
8.829613359194191844e+02 1.579410225782059418e-01 1.632429585182844003e-08
8.094331964196455829e+02 2.229400269343182195e-01 1.123648513593762564e-08
9.435728442823251498e+02 2.923550074972683377e-01 1.141711801414334603e-08
5.272000536085624844e+02 3.360296624109621044e-01 5.159093422330767234e-09
1.243724809257131710e+03 3.100398959668607679e-01 1.167940112618003680e-08
1.126101580610431711e+03 2.292040278270142117e-01 1.476822380748829783e-08
1.039737685169852739e+03 2.651516869558573908e-01 1.319206195568957722e-08
1.121263104841148561e+03 3.172485202454418118e+00 1.186268990781467849e-08
5.807966977905626891e+02 2.653235694876331374e-01 7.646174987131191197e-09
6.464248247331488528e+02 5.789709245444094737e-02 1.740212620345250277e-08
7.958206222017427081e+02 9.586364677798876743e-02 1.764049177851320842e-08
1.078711874289788284e+03 3.270241292543928369e-01 6.226683519138075127e-09
8.714619503907524631e+02 2.547176731936206528e-01 1.014240635814862281e-08
5.276476896330062800e+02 1.705427376297570519e-01 9.202953102360218952e-09
9.064529094571470296e+02 1.477972810480858434e-01 1.404528167390923108e-08
1.080152746306689323e+03 1.733043367498749154e-01 1.687497985609937003e-08
9.968562824271799627e+02 1.472205198915754465e-01 1.556963258391657658e-08
8.401310638332939789e+02 2.220138087857011500e-01 1.409785950101585038e-08
7.861739703474179350e+02 1.587082846218172083e+00 1.482001067123834095e-08
4.237044604557827370e+02 2.321279460484843293e-01 7.515110845175488492e-09
8.642261197941505770e+02 1.282877511080587896e-01 1.325773206389298820e-08
7.700810196796065838e+02 7.815825980168510101e-02 1.719397686201943230e-08
1.115245382548104317e+03 2.408180554348151037e-01 1.322876020927746769e-08
9.405865084984486657e+02 4.145815735760284282e-01 9.213907374978920617e-09
5.970427746328773537e+02 2.116084084227803919e-01 1.343215860245645349e-08
6.693601774354245890e+02 7.738629614693691705e-01 8.074670590198505703e-09
4.985062170875999072e+02 7.482284513842617224e-02 1.214937237890562852e-08
5.475257793194026590e+02 6.719049441629593167e-02 1.489039171134777363e-08
5.687754042983644922e+02 7.545137338426659290e-02 1.398577525146599793e-08
6.760183714582744869e+02 2.221728197026460183e-01 1.172705513067113490e-08
9.043459352568406757e+02 4.889922829762509138e-01 1.267723419067150886e-08
5.071719818358048428e+02 2.775548009333820842e-01 5.355607197629154588e-09
3.957139434150444686e+02 7.025555486038448372e-02 1.040276522886425258e-08
3.578577777254660646e+02 4.571289214860715933e-02 1.165788526456227799e-08
6.019985354000019697e+02 1.028101262457187526e-01 8.973443745096433975e-09
5.328974252684781732e+02 1.448031864487883680e-01 1.264251872176939018e-08
7.691708308027979228e+02 1.675239347525681266e+00 1.255252779010873802e-08
3.839498221953684833e+02 1.069757174039466907e+00 7.334869777032751124e-09
1.020900749495923634e+02 5.000000000000000104e-03 8.297993655474073557e-08
1.382807236576715866e+02 1.080516680562397351e-02 1.355323032739162570e-08
1.094097368028040904e+02 5.000000000000000104e-03 5.252869440926115576e-08
5.464398094482662600e+02 1.134157097229415156e-01 8.686766758791966636e-09
7.319497559434239520e+02 1.222062667634016275e+00 1.087176384075315440e-08
2.095683622047344841e+02 9.084498283683305198e-02 6.779721029731889330e-09
3.589943602934772571e+02 1.191095895573106578e-01 6.381995057079863430e-09
2.227580130351502135e+02 4.253631601993716760e-02 7.948488073989265453e-09
1.265696269357639920e+02 1.449666441003040138e-02 9.883481558040564842e-09
3.694016770306496937e+02 3.388711843128061396e+00 4.750812716177767315e-09
2.023516204412721891e+02 1.353681135798664725e-01 3.380327951480573698e-09
3.794080745486658088e+02 2.852107379329358872e-01 6.679904585696112722e-09
2.414196216066317788e+02 6.361407917839860537e-02 9.690624487790961365e-09
1.501524739162250341e+02 3.043688851936374173e-02 8.900303696265851432e-09
4.403023721011903717e+02 5.529321387475167882e-01 6.337337602224600532e-09
1.681742756647579142e+02 1.253210322574777325e-01 4.291440004404847418e-09
4.805625022859835553e+02 2.510891537472656476e-01 6.472212251315560269e-09
4.533895341727231312e+02 8.939438968836049826e-02 4.550825025273876271e-08
1.463801015868910724e+02 3.437500659827697619e-02 7.102872248557273548e-09
3.326084797168591649e+02 3.335516435291890902e-01 7.373344119787639831e-09
2.331816536744213124e+02 1.128982121911194653e-01 1.946778525961128407e-08
3.626213979201194775e+02 4.854873846163233475e-01 5.436766230303652617e-09
4.614538816484113681e+02 1.038463709265306845e+00 7.318053503367434338e-09
4.670449394079699346e+02 2.123216290173174592e+00 7.503973350624216466e-09
3.071177138727898068e+02 4.669885393911378801e-01 4.680115363125241150e-09
2.058731199063471138e+02 7.997921797884365025e-02 2.244875549234423286e-08
3.942537047808389161e+02 9.256074779402753694e-02 3.697343319842665819e-08
4.916904308513432511e+02 1.124764745453560977e+00 7.778449604680880704e-09
4.004685797682412272e+02 2.902039618555941058e-01 2.197645664625042191e-08
3.123487370750560217e+02 1.299089993453828862e-01 2.583995605791435672e-08
2.869512211924655958e+02 8.602906227878164280e-01 4.744771276776812015e-09
3.918900754255097354e+02 2.146256473918589924e-01 6.557291011778250091e-09
4.927580728535140793e+02 1.083014672061792388e-01 4.238827099969674812e-08
3.314308226059971503e+02 1.563431488696194749e-01 3.132961090628869686e-08
4.607437787427813305e+02 5.000000000000000000e+00 4.201523962800259951e-09
1.000000000000000000e+02 2.086887606744960294e-02 8.083564764623345066e-08
1.000000000000000000e+02 5.000000000000000104e-03 1.630200074412392737e-07
4.159731934820711103e+02 8.399010755519095706e-02 4.259245954381289274e-08
3.168306535983319350e+02 1.707993528602357036e-01 6.968973362136627222e-09
3.276612967068071498e+02 1.955840672617994880e+00 5.103525553252391329e-09
3.210050957833113898e+02 1.256346502943008758e+00 7.013709955778840255e-09
1.171498284153744009e+02 1.133055177307495526e-01 4.190695246079683934e-09
5.019261745380275102e+02 7.118961464899153935e-01 5.616666953622894397e-09
4.082587011938047681e+02 4.706273978711417727e-01 5.432647263841009500e-09
2.965266425185316734e+02 8.749332653616460898e-02 3.386588822575724067e-08
1.855654331146909044e+02 8.020030711659886791e-02 2.292546570668502856e-08
1.152457330789907672e+02 1.299069134513036183e-01 8.718861919938843736e-09
2.023335279870127010e+02 2.780418845783238169e+00 6.021894691915870014e-09
4.206335124651545243e+02 2.608493826277336058e-01 7.201193908030346345e-09
4.668331386868870254e+02 7.027455387823833277e-01 8.236967092086209894e-09
2.792308016272413056e+02 2.870113449301613939e-01 3.758728410134206803e-09
2.652762839959373196e+02 8.015000147983127043e-02 2.860598216979414912e-08
2.598214114667546255e+02 4.508531883533029583e-01 1.514215560610459044e-08
1.000000000000000000e+02 2.199780268362455660e-02 4.780867401927414551e-08
1.067484563616254007e+02 5.000000000000000104e-03 1.007854743530536666e-07
1.000000000000000000e+02 5.169748960468821819e-01 2.009936181244741026e-08
1.000000000000000000e+02 5.000000000000000000e+00 7.860447051417613835e-09
1.543573612462301980e+02 6.037047991557224769e-02 5.390553034092889894e-09
4.823299665840933699e+02 4.405493949946828192e-01 8.704949539745875879e-09
3.716493079499741725e+02 4.410564589233751942e-01 5.402545517733606207e-09
3.161407597735253034e+02 4.891624307043387354e-01 6.343808857461912638e-09
1.115278482608596562e+02 3.475333303332320961e-02 1.067888532559279845e-08
1.190386266132367439e+02 4.013988326570619436e-02 6.366432204415771542e-09
4.077458882477700968e+02 2.944090065125450906e-01 3.210300634798948793e-09
3.788101374000348756e+02 1.004780743086937989e+00 6.320629585148908673e-09
2.627035245197328663e+02 4.536240796957783927e-01 6.032806824783768573e-09
2.714131861500974878e+02 9.438768421907207662e-01 5.005958861562790096e-09
1.304523843537344021e+02 4.441209958220551091e-01 4.040001841348947319e-08
4.878991418912339668e+02 4.973401425168356704e-01 6.580173395549788863e-09
3.629829924963156600e+02 6.614537580362347402e-01 5.361858440126590077e-09
2.329461508731656636e+02 5.000000000000000000e+00 4.229420406908295856e-09
1.617858502996860750e+02 6.834012221093457295e-01 6.815432103531574580e-09
1.000000000000000000e+02 8.692864894176151325e-03 1.205850000671155464e-07
3.314252732206601308e+02 1.971715843835150361e-01 5.995092700723565340e-09
2.571516237572432146e+02 9.898596602976564296e-02 2.251074669519206483e-08
1.000000000000000000e+02 9.149716953385103602e-02 1.038654164992938452e-08
1.349649719773722438e+02 2.358142593657171771e-01 6.753442933909727296e-09
2.386390522887143959e+02 1.441877008952676953e-01 6.432719799939320957e-09
2.968511729151577470e+02 1.102898701961263050e+00 7.057695343362401573e-09
2.492521595875824971e+02 1.569101633740881407e-01 1.624594659051554532e-08
2.638002835774718733e+02 2.903527525915921004e-01 3.696304402693168038e-09
2.369781771164739723e+02 2.412133575916383332e+00 8.101176726330991227e-09
3.570103855197097573e+02 2.097610083815864557e-01 1.195563301681567043e-08
3.712163585333930200e+02 9.997555716079092880e-01 7.294435685558573561e-09
2.643983645712175985e+02 9.980296397298951683e-02 2.491225581514263678e-08
2.031762131739651238e+02 1.950726246134379671e-01 1.170592347362355400e-08
1.142366355782790066e+02 3.950992889751863135e-01 3.702397540514819012e-08
1.353195363408507603e+02 2.433002224074449216e-01 3.178844231687148782e-09
4.150158674418561873e+02 4.162374687600890466e-01 4.858360928513161015e-09
3.760073941602846617e+02 1.422414819817534037e-01 3.493968088254953282e-08
2.928450647843721413e+02 7.181201057117305719e-01 4.775420416916610076e-09
2.216370180602403366e+02 1.933247501039825345e+00 4.643160769166244375e-09
1.763750065747245799e+02 2.326075306993017344e-01 4.571522561710230014e-09
3.082730716586629569e+02 8.376012283656189550e-02 9.658820010941337525e-09
4.331228578450034661e+02 5.969427699106782947e-01 7.684479044596423651e-09
3.038335559426917598e+02 6.133648607004755782e-01 5.848476246648063252e-09
1.939447656226351739e+02 2.417753365479215211e-01 5.202081374425098632e-09
1.589190491547446129e+02 1.232937881039502526e-01 1.024788468242997389e-08
3.490850569653526918e+02 2.433860825966035757e-01 5.121481187435817552e-09
3.324298127743512055e+02 8.169308825640140270e-01 5.547101471144286646e-09
2.685062828188091544e+02 3.782221765636458732e-01 3.945314177884371748e-09
2.500358412765576475e+02 1.914171471343464326e-01 1.280046442626874785e-08
2.303133181065840347e+02 5.740308995968357308e-01 4.438147514182036885e-09
3.699501847647278510e+02 3.359748814946397211e-01 3.103109893176900234e-09
3.508957076865127647e+02 9.380708623347323860e-02 3.541200796478822062e-08
2.734607952656348289e+02 4.292182017670165273e-01 4.968147359355804021e-09
2.537826803222058629e+02 3.012569624028105242e-01 1.549698161312819722e-08
3.976513345030192568e+02 9.394514321459372652e-02 3.006423759406110133e-08
3.237518379520221856e+02 1.133538447895066748e+00 6.626062496370156254e-09
3.753117830982913574e+02 2.447215271814681792e+00 5.192679999882455465e-09
2.684241358998655187e+02 1.277059175259327439e-01 2.026943037299248941e-08
4.721171694503641447e+02 4.500297840632325741e-01 6.686455635770361764e-09
3.307224815101820923e+02 2.961838984812634190e-01 2.595178109948674047e-09
2.119106587358131435e+02 8.912927517070654004e-02 2.279252511697292247e-08
3.226359140057857076e+02 1.263557554185326948e-01 2.679756700329754932e-08
4.189932108606810175e+02 2.108346204743963281e-01 8.431155687560104743e-09
4.354243752358330539e+02 2.909781477920749815e-01 4.318773261255148985e-09
3.477792244333498957e+02 9.186968496605174561e-01 7.689117084807054081e-09
3.710817287035391701e+02 1.565188437170130786e-01 3.044224780151311034e-08
3.049283441268111119e+02 7.924533332723279200e-01 4.278321545135086373e-09
5.758966668081992566e+02 2.841030007669790303e-01 5.455917608646820424e-09
2.629889982572161102e+02 7.287525057029485553e-02 8.204374665002380903e-09
1.000000000000000000e+02 5.000000000000000104e-03 1.030977268191896506e-07
4.769253483611740876e+02 1.146464693256139089e+00 7.780026663531396241e-09
5.292869246595266759e+02 3.369262376787684476e-01 4.464516946177923125e-09
5.665735048043704865e+02 2.849681252714986179e-01 6.007456424301292068e-09
5.641852008540744237e+02 2.445867801105421069e-01 7.501048728681554125e-09
3.339105968127909705e+02 1.580440573079690547e-01 7.271543831654525211e-09
1.173537989825343288e+02 5.000000000000000104e-03 8.113327771270028643e-08
2.898489115109841237e+02 3.461332283719594644e-02 1.295164309879578500e-08
7.443183044882881632e+02 5.219116081282951791e-01 1.098911621199297636e-08
7.692130578303140283e+02 3.208858319168312878e-01 4.538601787565370815e-09
1.000000000000000000e+02 5.000000000000000104e-03 4.753585570715963693e-08
7.099276820502799410e+02 1.353568560895837269e-01 1.238719742560174494e-08
1.051557012142485974e+03 5.000000000000000000e+00 1.329331814848742579e-08
6.072464039115499190e+02 1.672843101575022251e-01 1.098802785083794088e-08
1.000000000000000000e+02 5.000000000000000104e-03 2.338394203482481948e-07
2.166064403103996767e+02 6.831377762285295238e-03 2.396434320364137042e-08
1.139524310117892355e+03 2.267903076054613165e-01 1.792403847317314267e-08
7.909876383258474561e+02 1.694987710247755075e-01 1.305654330498876670e-08
1.827636844690813689e+02 9.147183033308374858e-03 1.897918219226853729e-08
1.349679820367989578e+02 5.000000000000000104e-03 1.362147052158820376e-07
1.174655002512851780e+02 5.000000000000000104e-03 3.363591821039815128e-08
9.590262126451726772e+02 1.182088378689896829e-01 1.436288544852309054e-08
1.027117019235241287e+03 1.593817013255187653e-01 1.745522666337491171e-08
9.976009616441821208e+02 2.215310739835390508e-01 1.396299501687750611e-08
1.000000000000000000e+02 5.000000000000000000e+00 1.621402867484976507e-08
3.445528790729869115e+02 1.945307209021320330e-02 2.025751238761691951e-08
5.185140656410718520e+02 3.230873676105725650e-02 2.295557407115211132e-08
6.953110312131217370e+02 7.908690444450512669e-02 2.033716714494574935e-08
4.614483717859741319e+02 6.022936837593582254e-02 1.629944988871636843e-08
1.000000000000000000e+02 5.000000000000000104e-03 1.320466339315382050e-07
2.344981495673450809e+02 7.001180153852861951e-03 2.990776516316216999e-08
8.360274324682472979e+02 1.086158280410516458e-01 2.151195958422335757e-08
7.058677692536965651e+02 1.126147533644059479e-01 1.727349070539307976e-08
1.000000000000000000e+02 5.000000000000000000e+00 1.181671585647806872e-08
1.150241384648940794e+02 5.000000000000000104e-03 4.628871618718409766e-08
4.305386678243729648e+02 2.608298644564154695e-02 2.366974059431547873e-08
8.186683320514882780e+02 2.046123392733112667e-01 1.256998428348773394e-08
1.000000000000000000e+02 5.000000000000000000e+00 1.448794405193856887e-08
1.283095267132781885e+02 5.000000000000000104e-03 3.786300809957001554e-08
1.450468617054224865e+02 5.313281710737711300e-03 3.086885058704318055e-08
1.000000000000000000e+02 5.000000000000000000e+00 9.803433722816436615e-09
8.445013283533735375e+02 1.487104014973715249e-01 1.517800653611931368e-08
7.852932589106258092e+02 1.159568538085657130e-01 1.045873162336439140e-08
1.000000000000000000e+02 5.000000000000000000e+00 1.539310781307181830e-08
6.010697646771972131e+02 6.625587635586425994e-02 1.573861363685919003e-08
8.264114645924653360e+02 2.423133584891680181e-01 1.340025512563781240e-08
7.289022471243140444e+02 1.015298692137928394e-01 1.206655584088899729e-08
4.628794052837986328e+02 6.384179383066580782e-02 1.346123430200215839e-08
1.113348116092684904e+03 5.070726148196493810e-01 1.263518456417309997e-08
6.073375028844801591e+02 6.744050659014198812e-02 1.546308466162810361e-08
5.794542393199180879e+02 8.168024953524162524e-02 1.414063750805402034e-08
7.045704282195359838e+02 1.909915824725375300e-01 1.160286280448978980e-08
7.659085363339828518e+02 1.801107127932007057e-01 1.393142003016626846e-08
1.000000000000000000e+02 5.000000000000000104e-03 3.228507145826969320e-08
3.603291483153880108e+02 2.454508142578809213e-02 2.054538939304890160e-08
1.474830634759266843e+02 5.000000000000000104e-03 2.208146149823622680e-08
6.402281912410345512e+02 1.113166178101966941e-01 7.931577512962830566e-09
1.105645360371947845e+02 5.000000000000000104e-03 3.356392390743200857e-08
7.553281684691323790e+02 1.516969481675954357e-01 1.328577207885775568e-08
5.061440986055705480e+02 5.665822317998300134e-02 1.851778215184825566e-08
6.239647494732882933e+02 9.191183971486338589e-02 1.278824475241541986e-08
8.551137362893475711e+02 1.392435129042599307e-01 1.512086423474665462e-08
8.833574469394461630e+02 2.252560973270582023e-01 1.185211276325036591e-08
9.990647028450799780e+02 2.874316127658356756e-01 1.053105671802458981e-08
8.715064440627518252e+02 1.628204263074042590e-01 1.728810052727018236e-08
1.268096415925161864e+02 5.000000000000000104e-03 2.649715081331315835e-08
3.598754035906467834e+02 3.785495206831961112e-02 2.049969059975803866e-08
1.078684633882822027e+03 2.935928124181170773e-01 8.481619988974932221e-09
1.558886724995165594e+02 5.861617959569985492e-03 2.007513655734590890e-08
7.180914797682249855e+02 8.289061275389640604e-02 1.706562506275726497e-08
1.168940546508335672e+02 5.000000000000000104e-03 3.662947909259960101e-08
1.421802986815441727e+02 5.951010085791986863e-03 1.808411575744628121e-08
9.552188776792739873e+02 2.059785523811265284e-01 1.693788652021139503e-08
5.794576589936658593e+02 8.895162627631732211e-02 1.360531590788010948e-08
6.399281046102007622e+02 9.136681009485458915e-02 1.396724204887493064e-08
6.724603772238060628e+02 1.057539149733670164e-01 1.079336372398983379e-08
3.952632128270441854e+02 5.991388621806219977e-02 1.357583139942102928e-08
1.089765915119093194e+02 5.000000000000000104e-03 2.181115948061543803e-08
5.513695016672152178e+02 6.544803207380257837e-02 1.409891248756816323e-08
1.063338877518938403e+02 5.000000000000000104e-03 1.987650498890235592e-07
2.484651711155828195e+02 1.885371677261987386e-02 1.496581952842438440e-08
2.704763478583176379e+02 3.670375230859471150e-02 1.659845710827464758e-08
1.062509836944727795e+02 5.000000000000000104e-03 1.446080485753663389e-08
8.618475812479276783e+02 2.319299149905973689e-01 1.232092635323583837e-08
8.171123068585137617e+02 2.285886474307094740e-01 1.112310170807689332e-08
1.094125523228648689e+02 5.000000000000000104e-03 1.802202510285505747e-08
1.150554828065792776e+02 5.000000000000000104e-03 5.307508650156784466e-08
3.665055841059767090e+02 3.490651098901915300e-02 1.551036008859918656e-08
5.797063949539816576e+02 1.845688183768111335e-01 9.970692676510011231e-09
9.059225978105074546e+02 4.186270206174818598e-01 8.977321703430008529e-09
1.103077310170901910e+02 5.000000000000000104e-03 9.445835779442043127e-08
2.685609938234006790e+02 2.802919157218479104e-02 1.406604006574450819e-08
4.196982926175589910e+02 4.440272498188377326e-02 1.325926543010400097e-08
2.913962219922758550e+02 2.638617940216026261e-02 1.571438685140401934e-08
4.147455722862396783e+02 6.113105153496821431e-02 1.303956144957091623e-08
1.069493116098920922e+02 5.000000000000000104e-03 1.388552043267790944e-08
7.536393893472067020e+02 4.553800420836169316e-01 9.614613042476723148e-09
8.600173072012054263e+02 4.790383414151606900e-02 2.499182540641933215e-08
9.779248527853284259e+02 6.937154792173665097e-02 2.152260872136940336e-08
1.323592836076318463e+03 2.037913769134434561e-01 1.993389803180090465e-08
1.878359848214867327e+02 5.000000000000000104e-03 4.077266863332419599e-08
1.042249068508379651e+03 1.140537091490316374e-01 1.392338034796535206e-08
1.147718007078521396e+03 6.935738311632844155e-02 2.916697105488041914e-08
9.337000738768601877e+02 8.584975445038527109e-02 2.120020869853280321e-08
4.005022730244037348e+02 2.033278581328544152e-02 2.219443260906674887e-08
1.139991397551808632e+03 1.446879926596263688e-01 1.911979983260331477e-08
5.911400291244883647e+02 5.915033688556371044e-02 1.644331828368312883e-08
4.415778822205223832e+02 1.520951378738433918e-02 2.740115276913627741e-08
5.138529502159919957e+02 3.299549857134190245e-02 2.145703319674949997e-08
6.021384292562344172e+02 4.374591153264981158e-02 1.748894337477503834e-08
6.635312574354179560e+02 5.291500905789582598e-02 1.768588857087290722e-08
2.274677776939122396e+02 6.330729804631138845e-03 2.376862499436926133e-08
8.522178665852949280e+02 8.206468572601847977e-02 1.943698367659474296e-08
1.231849959718139644e+03 1.406325739597359126e-01 1.843886488662319130e-08
1.184828483355526032e+03 1.230074717708846410e-01 1.738282029520256570e-08
7.711998160839615366e+02 5.212727957008533863e-02 1.957063294461553561e-08
6.270760971749564305e+02 3.057227491170710215e-02 2.635148706781117994e-08
1.516926104900309724e+02 5.000000000000000104e-03 1.672728418364521267e-07
1.900920104317889923e+02 5.000000000000000104e-03 1.685780724364563170e-07
8.858586893410541734e+02 6.091145086874089065e-02 2.055226561678613131e-08
1.418070862925173401e+02 5.000000000000000104e-03 1.831355940619692902e-07
7.706864361267539607e+02 5.710011386662507821e-02 1.878180056162857865e-08
7.231318078301418382e+02 6.877995909620446269e-02 1.754082236045900086e-08
7.011238446095145491e+02 4.796177444022119846e-02 1.978100218792199933e-08
1.046210004806096094e+03 1.138360361658003750e-01 1.267705468239128438e-08
8.714905361180470891e+02 7.947467554337851736e-02 2.149369415232137126e-08
1.331320572860475693e+02 5.000000000000000104e-03 1.096647329377502853e-07
7.070331876938371352e+02 7.216474349380591624e-02 1.605521792585413767e-08
1.323620743302672338e+02 5.000000000000000104e-03 1.759151868640531052e-07
1.017958904304780503e+03 1.115479337598029586e-01 1.284061864939742275e-08
7.141927485970187490e+02 4.803898556633670602e-02 2.201474769495553126e-08
1.161772718455090626e+03 1.492638062633735996e-01 1.761132837337425728e-08
2.155396669107830974e+02 8.206226156317452530e-03 1.939496025881248846e-08
7.700458258504465903e+02 1.160695287065802578e-01 9.601936202261847694e-09
7.856163341879142763e+02 6.980444963481448328e-02 1.826950558328684753e-08
1.370718353492584129e+03 2.059267439451214488e-01 2.073588108750193755e-08
1.243269137845872365e+03 1.636306751235995782e-01 1.892125870449699973e-08
2.538904682924108158e+02 1.980713132172607152e-02 1.626143326941572144e-08
4.282603298083600976e+02 3.619490281945746818e-02 1.930513474499249566e-08
8.245999701478905308e+02 8.388681268566872129e-02 1.936764422578152648e-08
9.293652679557383181e+02 9.508825262423697966e-02 1.680056502131108392e-08
1.127573872969569493e+03 1.066683980773270451e-01 1.469776988973407790e-08
2.563995086824901364e+02 2.220501225814286092e-02 1.451296746895369168e-08
4.215332100018919164e+02 3.491391303207952435e-02 1.775540444762918114e-08
5.251938461787894994e+02 4.173728367137630874e-02 1.678747741512952716e-08
6.159253399450270763e+02 5.530972651401609014e-02 1.782429478886968862e-08
2.921368248026187757e+02 7.961006569886656600e-03 2.505526051908334163e-08
4.554449397042850478e+02 1.272491643263178214e-02 3.329547311350647466e-08
8.111083943623467576e+02 3.871031705466506517e-02 2.647207957694674033e-08
4.265199771885235691e+02 1.493750938916180680e-02 2.695552253937337856e-08
1.263170939611182348e+03 1.174574205293881651e-01 1.714375789560298425e-08
8.018030337511147536e+02 4.961533888787778707e-02 2.123411957579539015e-08
8.905208429777360379e+02 5.843136622574338079e-02 2.213019073010976791e-08
3.622579262382819820e+02 8.617449179568642190e-03 3.022134931529497676e-08
7.962874656046086557e+02 3.557103810553424728e-02 3.072030674623875100e-08
1.554187264762636858e+02 5.000000000000000104e-03 1.579875016657884782e-07
6.974030867534168010e+02 4.064491231797735110e-02 2.131483637207515022e-08
7.186212072994479740e+02 4.531511188387740002e-02 2.023379430355222127e-08
6.821910146668826656e+02 3.878887261936872499e-02 2.125928973159698916e-08
2.256152240143596259e+02 5.000000000000000104e-03 3.101790581929703178e-08
1.225318100280640692e+03 1.168731128474999742e-01 1.765340321187356108e-08
1.040465416965364966e+03 8.765250792847317785e-02 2.124960262550410984e-08
8.278416875194968725e+02 7.082763506619475791e-02 1.870215289070191262e-08
7.308844899075560306e+02 3.877035209246859626e-02 2.256276003956047978e-08
9.004936362808886088e+02 7.243034212662215199e-02 1.989915943311968595e-08
9.449298181474966896e+02 7.022143171322878241e-02 2.085035702717804745e-08
1.122857896794987482e+03 8.934030328807725241e-02 2.464146681227074991e-08
8.961605932014279006e+02 9.222622998221705060e-02 1.668344651992475564e-08
7.688821656080596085e+02 4.863472805086053313e-02 2.068051224329896608e-08
2.341013395166600048e+02 5.000000000000000104e-03 2.006716381429908039e-08
5.647795679246178224e+02 3.113849140398853091e-02 2.449815600871152094e-08
6.821177085500481780e+02 3.708976171213083928e-02 2.322836891934622399e-08
1.071779857380301564e+03 9.835564924733224135e-02 1.805216759009339938e-08
7.925957255496208518e+02 4.544889097665902322e-02 2.234162024726479300e-08
8.362883928346591347e+02 4.107171099442002288e-02 2.718835667263368686e-08
8.966812522544304329e+02 4.950841597998371230e-02 2.617915081656269775e-08
1.295333707218003667e+02 5.000000000000000104e-03 2.267598547240064344e-08
1.604098694689222384e+02 5.000000000000000104e-03 1.709974522120534321e-07
5.893636656178189241e+02 2.816793197014161310e-02 2.662383644157470458e-08
8.854207468029080701e+02 5.596800021504907269e-02 2.122738701788105713e-08
1.102026056212992899e+03 9.028691086693463319e-02 2.149316902386863429e-08
7.478837096306045851e+02 5.422706240948231560e-02 1.861815907635464294e-08
5.304978674112020371e+02 2.386267432787398182e-02 2.748675258367311944e-08
1.395203301529235205e+02 5.000000000000000104e-03 1.475377767570081304e-07
1.027815604417557324e+03 5.844378085539114059e-02 2.802723169890628476e-08
9.190723484878677709e+02 5.729818841583893957e-02 2.194836506696546159e-08
8.775827698073310330e+02 6.809070664122610084e-02 1.955826123030208030e-08
6.588882673576125626e+02 3.456914548473092458e-02 2.671302929539510550e-08
8.099282557943166694e+02 5.032835756132952171e-02 2.179315705354456481e-08
4.457870249334167170e+02 1.211574031409600946e-02 3.241900184499066245e-08
5.972659416636849983e+02 2.716562566351422847e-02 2.756016304282109119e-08
4.813059904368752768e+02 1.481348493032893024e-02 3.018266701091183187e-08
2.537791798967033117e+02 5.026609411661477067e-03 3.109682595975509025e-08
1.255559960191281732e+02 5.000000000000000104e-03 1.962273390767298159e-07
1.813587253538654807e+02 5.000000000000000104e-03 1.709277388879654269e-07
3.006452073462677959e+02 6.911740051583853926e-03 2.796066151852423104e-08
1.005053451616936741e+03 6.275935546244428009e-02 2.312536388835048338e-08
6.063024636651875880e+02 2.262890116474441243e-02 2.988911564080788444e-08
1.687124962994982980e+02 5.000000000000000104e-03 2.051436463119519511e-07
6.057183484631279953e+02 2.476268130126375866e-02 2.872949076539799900e-08
5.188840334549689715e+02 1.809380278364835365e-02 2.836485891858655570e-08
8.261912310436974849e+02 5.174804879750948688e-02 2.137803487745826038e-08
1.275628023988723783e+02 5.000000000000000104e-03 9.612080756785831817e-08
1.414687981018864491e+02 5.000000000000000104e-03 1.734152714285934817e-07
2.717248870768360121e+02 5.000000000000000104e-03 1.895862488055947131e-08
1.405535040085023866e+02 5.000000000000000104e-03 1.974768683161785392e-07
6.258557951651941949e+02 2.945755069846479543e-02 2.721235399070150666e-08
1.215308429616145958e+02 5.000000000000000104e-03 8.237740913184994108e-08
2.360861004802624734e+02 5.000000000000000104e-03 3.457540471906559184e-08
3.433475384884632717e+02 7.219931307715891575e-03 3.086285932510594370e-08
1.476967839102651112e+02 5.000000000000000104e-03 1.753398166963674925e-07
1.255587036111376165e+02 5.000000000000000104e-03 2.028584770822846837e-08
1.502224789317574505e+02 5.000000000000000104e-03 3.392062552139348455e-07
1.794290589305695107e+02 5.000000000000000104e-03 8.691238489586656152e-08
1.474507771107299163e+02 5.000000000000000104e-03 2.874657509913402112e-07
1.196443204621375855e+02 5.000000000000000104e-03 3.777341148123264896e-08
1.264963641614536414e+02 5.000000000000000104e-03 1.600041191964086924e-08
1.462975001533969532e+02 5.000000000000000104e-03 2.504425591916885088e-07
1.349640365571924008e+02 5.000000000000000104e-03 1.619210933347781036e-07
1.232039348163692267e+02 5.000000000000000104e-03 1.220616857920368916e-07
1.201723996424371848e+02 5.000000000000000104e-03 4.660436451139887674e-08
1.575290376524891656e+02 5.000000000000000104e-03 1.159410591637315031e-07
1.793517755089418699e+02 5.000000000000000104e-03 1.043234141882700067e-07
1.314553500587582846e+02 5.000000000000000104e-03 6.902037616837096533e-08
5.175056666332262694e+02 1.782178221850989897e-02 2.903287224904138613e-08
1.460974086288594833e+02 5.000000000000000104e-03 2.601127872071484349e-07
4.097755919306609940e+02 1.134281895114755759e-02 4.172030193378635191e-08
3.519436111815541608e+02 1.066135714636791930e-02 2.787899170875073050e-08
1.389551486672528995e+02 5.000000000000000104e-03 1.595958407981076067e-07
2.159008954843334323e+02 5.000000000000000104e-03 8.258906677819386538e-09
2.620068099270255289e+02 5.000000000000000104e-03 2.101058906964308865e-08
7.200146766874788682e+02 3.669725501678716695e-02 2.547293627810685893e-08
1.467042841571483223e+02 5.000000000000000104e-03 2.593470261530707265e-07
2.490783381425968628e+02 5.000000000000000104e-03 4.298450770833467285e-08
1.361701310465521431e+02 5.000000000000000104e-03 2.103024940748709277e-07
1.702352383575944827e+02 5.000000000000000104e-03 1.365729921095718236e-07
2.997747280852569247e+02 6.206006145697843569e-03 3.029923561394408917e-08
4.857093372937210916e+02 1.289571696801720783e-02 3.318741938832137707e-08
1.564921684034292468e+02 5.000000000000000104e-03 3.405014498018806652e-07
2.417558963532142684e+02 5.000000000000000104e-03 3.629268047608145571e-08
4.030847153413782848e+02 1.076416641778911443e-02 3.032523567602106563e-08
3.390463495590706771e+02 7.529600330528014689e-03 2.959376632174344506e-08
9.031093375217808443e+02 3.842176673300427836e-02 2.803645250809619307e-08
6.496460278536046644e+02 2.144962558224902671e-02 3.344856931743442022e-08
6.888647956675001751e+02 2.137815172778677678e-02 3.498575569286845536e-08
5.430501227882381272e+02 1.822667918807348297e-02 3.251409348001803373e-08
6.065052015962286305e+02 2.827237082893475223e-02 2.795346901990223637e-08
5.755568212275356927e+02 5.493230576225635597e-02 1.862802746899934218e-08
4.841879198207886930e+02 6.201305944117257996e-02 1.624452034402911521e-08
6.053593260766227786e+02 9.289735862264199284e-02 1.647293905715091280e-08
4.882666985905247543e+02 5.303088296806654500e-02 1.763771133343883694e-08
3.127881022084113738e+02 2.525187896699161716e-02 1.907396443613015513e-08
3.779816009986802214e+02 1.702493719168608061e-02 2.375889659718754091e-08
3.433220931988876714e+02 1.170704302342748422e-02 2.838486980269822072e-08
1.284211840493870795e+02 5.000000000000000104e-03 1.150887596247653924e-07
4.473220858161549813e+02 1.438365335762707697e-02 3.086855492471623816e-08
3.787029497880427016e+02 1.000180237562609160e-02 2.899519078486866018e-08
4.349738409377850985e+02 4.689186666845392842e-02 1.819160410941950556e-08
4.544791626375788951e+02 5.489102409224005941e-02 1.793340777146619315e-08
4.747211379554237283e+02 5.312471837455041979e-02 1.734300238522477015e-08
4.391288326544957954e+02 5.808195559596308205e-02 1.623619007812801448e-08
4.612413879596394963e+02 6.302006517252839446e-02 1.949406907365227214e-08
3.178251970539197941e+02 2.393479677636333250e-02 2.019927882480085399e-08
5.662759982981410758e+02 5.567105716776605401e-02 2.116948430326414042e-08
2.863341702392252728e+02 9.502951818071632070e-03 2.565909445585652096e-08
5.167398037228828116e+02 2.682486804024147853e-02 2.599838643033107493e-08
4.466118465585931290e+02 2.066885824243708605e-02 2.544575940160685235e-08
4.290655596759672790e+02 3.997320192164884739e-02 1.607286014678820854e-08
3.551378157371202633e+02 4.474654505910187485e-02 1.438401818804740142e-08
3.867604353743409433e+02 5.007320933844793681e-02 1.403964952530172887e-08
5.230822630290876987e+02 9.226633555094440609e-02 1.233253472694962300e-08
4.953610453589884060e+02 7.701471509354348988e-02 1.560081435244858506e-08
3.031242415985201433e+02 3.622310804647713156e-02 1.823193070552453432e-08
2.018419306569225284e+02 8.349477739119086361e-03 2.157605508544755720e-08
2.013741754306049359e+02 8.998177108172050742e-03 2.066403827597901208e-08
3.170468830788435639e+02 1.497424496179843717e-02 2.503211754926995918e-08
4.367207564842343004e+02 2.018194620762294236e-02 2.722677890750290556e-08
1.164236914254867372e+02 5.000000000000000104e-03 2.150396796626916437e-08
2.056257547627594420e+02 1.134331397740488342e-02 1.889605620320425018e-08
2.965837455280153563e+02 3.332557328790431567e-02 1.698935615571236141e-08
4.274205329405975249e+02 7.006358242708861372e-02 1.156809384015873188e-08
4.157735400878310656e+02 6.848247839198041975e-02 1.315908370288455329e-08
4.886201810158991066e+02 8.927654547742548685e-02 1.548402173651875037e-08
2.701773699103339936e+02 2.381849514436502890e-02 1.818763638283155243e-08
1.176846448038836286e+02 5.000000000000000104e-03 4.234018590278575106e-08
1.174348753615376211e+02 5.000000000000000104e-03 5.794598633936530248e-08
1.298634817472280645e+02 5.000000000000000104e-03 9.696995540201496213e-08
3.682447288724072223e+02 3.742603119046698096e-02 1.751898050134625793e-08
3.669461330890027284e+02 4.513270027105995008e-02 1.616868716734002779e-08
1.204308901124949642e+02 6.343952970479354789e-03 1.554959456970399399e-08
5.014884525041098300e+02 8.475780409337659027e-02 1.508664071759025147e-08
3.197823577908006882e+02 4.654884583496536610e-02 1.369236530767391511e-08
4.430463353564691147e+02 8.543611911172460660e-02 1.493218412173858287e-08
1.248274550591437588e+02 7.246939492611385696e-03 1.427076394012219714e-08
2.370533357681142377e+02 2.028376453675638513e-02 1.616074753852393410e-08
1.984245261854160276e+02 8.439862714824317158e-03 2.292284653059445805e-08
1.167743121888634050e+02 5.000000000000000104e-03 7.117667602794878381e-08
2.518469849412374799e+02 2.007074532508250006e-02 1.820954558478323146e-08
2.127859153990775667e+02 1.048029166651906832e-02 1.960153542035249763e-08
1.089765989901430032e+02 5.000000000000000104e-03 3.089828503582197426e-08
1.366358569277233812e+02 6.907785749648677823e-03 1.471811815371465665e-08
5.944856436926170318e+02 1.135336277294598101e-01 8.286439139760642957e-09
4.591297020064664025e+02 8.402455590452129197e-02 1.421176251138990203e-08
4.438022482105108679e+02 7.350551363566433516e-02 1.439035860503899931e-08
1.626828039997416795e+02 1.000034064691154682e-02 1.615472015719401364e-08
2.196785263067469600e+02 9.492026676889458309e-03 2.196264810263971351e-08
1.198589960870785802e+02 5.000000000000000104e-03 6.377015931857223045e-08
1.274859596335502374e+02 5.000000000000000104e-03 4.406264155868639859e-08
1.166381089524215184e+02 5.000000000000000104e-03 4.328648849418517821e-08
1.107219040646644288e+02 5.000000000000000104e-03 2.021503953818051671e-08
1.582568551660771163e+02 8.489876886102270051e-03 1.681407449357387186e-08
2.839113903520293434e+02 2.047997982499688910e-02 1.653493361374695514e-08
4.421721428086293599e+02 6.081462697297569664e-02 1.378741099315317292e-08
3.003225056548527050e+02 4.168911128153485190e-02 1.184920477078471351e-08
4.152655357784865942e+02 4.099096233610374784e-02 1.408679122354192283e-08
2.671130512946893418e+02 1.602348762003570279e-02 2.126208683281698454e-08
1.611217387276707029e+02 5.000000000000000104e-03 1.140338873450948821e-08
3.131076965638251863e+02 1.533847683125579876e-02 2.196810211592535400e-08
1.910476623993580461e+02 5.318880369348526378e-03 2.363019825387975997e-08
2.736366097271146032e+02 1.784536558242224083e-02 1.731716812948708745e-08
6.700723351853307577e+02 1.347805233041751427e-01 1.052333768617357459e-08
5.252603082422174339e+02 9.527882408513010937e-02 1.053324483246195474e-08
5.057689149368171115e+02 9.482947928785455394e-02 1.070736920161220620e-08
3.141543156610891288e+02 3.277325931674373444e-02 1.425168479831155358e-08
4.685907508457809172e+02 5.046561188266778658e-02 1.441648651419626004e-08
3.347696821647173238e+02 1.890570238843737941e-02 1.937300491455244698e-08
2.261715979800861476e+02 7.458633431576274821e-03 2.117258299858133544e-08
7.737756731915873161e+02 7.720859804296446860e-02 1.755778359897578294e-08
7.627276988090741270e+02 7.952373879305779658e-02 1.753969570890217153e-08
2.577862804453433796e+02 2.634650329421575621e-02 1.697343046745172248e-08
2.354906312023596797e+02 2.135548201076121685e-02 1.355903773581560328e-08
2.918049929189079990e+02 4.864069539784206253e-02 1.013181014776487613e-08
4.660262933556916778e+02 1.528291561595908898e-01 9.384514389242185311e-09
2.638167936690960005e+02 2.317474377155083129e-02 1.493530761470353890e-08
3.697264926065415125e+02 2.968971716897409255e-02 1.779419724133705778e-08
3.624609319926628359e+02 2.452857464634240064e-02 1.865216100109642350e-08
1.272898405009780873e+02 5.000000000000000104e-03 1.873672064317326062e-08
4.958377864709791538e+02 3.653063857323009256e-02 1.890351529709244136e-08
4.776906784750772204e+02 4.529196482647183247e-02 1.452372992415598485e-08
3.443064072241840563e+02 4.356305442718023252e-02 1.156809561097275477e-08
4.787526924654514460e+02 1.427861560429738719e-01 8.123408829355897755e-09
3.637692158918176801e+02 6.433549919307092468e-02 9.558471148729196565e-09
4.682435967111322839e+02 1.156195801707340237e-01 7.898660207255324568e-09
4.142382554573972016e+02 5.856023608738625263e-02 1.457809511994358640e-08
2.775885671029680566e+02 1.094011449524367324e-02 2.229249643665773120e-08
9.888586899955662375e+02 1.158771543271447935e-01 1.631160802428537579e-08
3.931937250578296243e+02 2.457160238229105786e-02 1.995757365416074133e-08
1.600506559708113059e+02 5.000000000000000104e-03 2.064302461696568565e-07
3.948379219901480042e+02 1.866742500124241033e-02 2.352432399810083645e-08
2.577882971028503789e+02 7.812403734979054062e-03 2.340848859765587980e-08
2.184412718646520375e+02 7.478654215449230015e-03 2.111355604625491787e-08
5.083479561581527264e+02 4.220723701814393936e-02 1.828280941154082171e-08
8.462299396642631564e+02 9.872719375096354610e-02 1.419298260527032454e-08
5.023275312990961652e+02 4.459413694861721206e-02 1.664024759910681530e-08
2.331160568314304271e+02 1.095343689585277260e-02 1.976531828998410591e-08
3.255817747287617863e+02 2.656850879648248176e-02 1.664523897142192354e-08
1.320587119275155601e+02 5.000000000000000104e-03 1.390121008103146875e-08
3.561222309117703162e+02 1.821196955865663977e-02 2.117945939837015455e-08
5.929892920899612818e+02 3.763673496440655963e-02 2.053107177257766574e-08
1.686271573247999243e+02 5.000000000000000104e-03 6.798600974869435801e-08
3.867769969527698777e+02 2.430817763133739581e-02 2.190917284674793034e-08
1.156601310837368999e+02 5.000000000000000104e-03 3.143330968595142463e-08
1.387621426274400847e+02 5.000000000000000104e-03 1.366769629851786390e-08
1.162550921988511732e+02 5.000000000000000104e-03 6.431698810995598290e-08
3.984102761443660370e+02 3.973318676400641042e-02 1.332575481557964337e-08
1.239754889168615790e+02 5.037838667275830289e-03 1.706964445196969899e-08
2.107985788470879243e+02 1.328927209571892365e-02 1.778040415218472298e-08
5.995498462235743773e+02 3.845881602768315422e-02 1.962521544704147809e-08
3.220877056756464185e+02 1.084458194008587097e-02 2.549628310615489349e-08
2.888671704259336934e+02 1.296444253269272116e-02 2.328569284309956311e-08
2.838106827813133464e+02 1.024425840817003511e-02 2.208521562896286372e-08
3.498048807437593268e+02 2.026028666515775414e-02 2.008496528107002268e-08
1.118723801632283426e+02 5.000000000000000104e-03 1.545926725884753606e-07
1.087642896186429766e+02 5.000000000000000104e-03 3.271537911891448944e-08
1.739604833763974057e+02 7.772179814212276314e-03 1.652874267748614982e-08
2.643698987232522768e+02 2.214237725712771623e-02 1.494786158597241455e-08
1.142867233026309606e+02 5.000000000000000104e-03 1.863293857227581996e-08
1.597303649581116360e+02 5.000000000000000104e-03 1.664392592037655666e-08
1.351313204517383610e+02 5.000000000000000104e-03 8.455941294718734914e-08
1.336678853337317037e+02 5.000000000000000104e-03 7.217989100468749701e-08
1.255901370606402594e+02 5.000000000000000104e-03 2.756883263596369195e-08
1.284127837439692144e+02 5.000000000000000104e-03 3.287162791481109600e-08
1.424961530544357231e+02 6.337661481352925910e-03 1.583412519268913116e-08
2.301004646880494136e+02 1.177116375525722250e-02 1.929171848242649783e-08
6.215150747249194865e+02 1.021697590903704739e-01 9.867819515154865127e-09
1.933874702520415667e+02 9.038261458175262178e-03 1.740172288545619144e-08
1.251744186399275094e+02 5.000000000000000104e-03 2.985834385195818765e-08
1.411209449107023204e+02 5.000000000000000104e-03 1.549471660872791593e-07
1.067799892533494273e+02 5.000000000000000104e-03 1.018012256115194151e-07
1.102875107392309246e+02 5.000000000000000104e-03 6.151996139536357516e-08
1.228131820921281587e+02 5.000000000000000104e-03 2.483415095857426658e-08
1.213043406548058698e+02 5.000000000000000104e-03 1.803594538655961799e-08
1.203205839345758079e+02 5.000000000000000104e-03 4.510250759180421390e-08
1.065599809561933000e+02 5.000000000000000104e-03 1.085841070111839012e-08
4.173774640486777230e+02 6.697448982001397155e-02 1.110323871988837849e-08
1.633447691734374985e+02 7.611514190478487797e-03 1.582809283634670091e-08
1.136299468280722209e+02 5.000000000000000104e-03 4.929165969008773721e-08
1.000000000000000000e+02 5.000000000000000104e-03 4.546787740405358655e-08
1.050615380645677419e+02 5.000000000000000104e-03 2.989737863091866586e-08
1.198445764557993130e+02 5.000000000000000104e-03 2.419983675472219053e-08
1.550294176953257193e+02 6.247583046746871260e-03 1.731003697335349098e-08
3.001841697324761640e+02 2.342068773142082574e-02 1.634862558077001228e-08
5.102334386047358521e+02 6.427201327862658298e-02 1.522544182309810628e-08
3.048498021327733341e+02 2.443037031541708468e-02 1.614187745587434359e-08
2.321158699097822762e+02 1.864472026330750432e-02 1.410172691193749683e-08
3.108300189793972663e+02 3.397850636848115391e-02 1.367223996945526600e-08
1.774222771305282720e+02 6.785834758149274400e-03 1.828012008020268850e-08
1.253638287248486023e+02 5.000000000000000104e-03 1.700384457081569291e-08
1.000000000000000000e+02 5.000000000000000104e-03 3.549290693193625630e-08
1.183760180797026891e+02 5.000000000000000104e-03 5.159376015680881556e-08
2.309032380209499706e+02 1.353007080326344529e-02 1.877021772686825590e-08
3.981488834837887225e+02 4.994460932411962789e-02 1.413669166317917549e-08
3.334920420030044284e+02 3.923888851922834736e-02 1.287098318573196444e-08
3.646948606151225363e+02 5.267723153876147785e-02 1.057695616070919085e-08
1.083600009866887461e+02 5.000000000000000104e-03 6.180617239790850332e-08
1.000000000000000000e+02 5.000000000000000104e-03 1.167004612886473192e-07
1.161381361378839472e+02 5.000000000000000104e-03 5.430225705104970098e-08
1.488223401181297163e+02 5.000000000000000104e-03 2.728450255342241732e-07
1.278640625720407371e+02 5.000000000000000104e-03 2.624313128005142711e-08
3.912408925879163348e+02 3.407404750764710805e-02 1.821540115582586877e-08
1.157958359334932084e+02 5.000000000000000104e-03 3.110022067746570398e-08
1.000000000000000000e+02 5.000000000000000104e-03 6.129935945653383492e-08
1.171883299731865549e+02 5.000000000000000104e-03 7.914483110287181465e-08
4.017404973710771969e+02 7.312533784919739155e-02 9.966922037043764167e-09
1.000000000000000000e+02 5.000000000000000104e-03 1.177139682367910854e-07
1.000000000000000000e+02 5.000000000000000104e-03 1.207061384649989262e-07
1.000000000000000000e+02 5.000000000000000104e-03 7.632061945020204143e-08
3.556176516602241691e+02 2.670736314642058878e-02 1.841222088938155094e-08
1.251625223780591938e+02 5.000000000000000104e-03 3.596376345860516835e-08
2.028919725476416147e+02 7.476788549887969197e-03 2.145860028988929569e-08
1.239101281914323636e+02 5.000000000000000104e-03 2.686394763149815898e-08
1.837012262355123369e+02 8.613093467027385999e-03 1.649962892081802638e-08
1.144111044229045575e+02 5.000000000000000104e-03 2.351073692488761642e-08
3.354275765301118781e+02 5.269881528739528420e-02 1.151812614244396383e-08
1.940702297509379548e+02 1.595416461101458253e-02 1.462021660786438902e-08
2.363021558243488585e+02 4.128207979583773529e-02 8.762703170044706426e-09
2.881515055183572827e+02 4.119248787068362921e-02 1.111340259743214776e-08
4.018656773620483023e+02 4.579334511374318767e-02 1.313440311579314252e-08
1.309767397122564887e+02 5.000000000000000104e-03 2.380395356449106632e-08
1.000000000000000000e+02 5.000000000000000000e+00 1.912728267673892573e-08
3.712076466127021490e+02 3.205714602879710523e-02 1.615373072610200065e-08
1.173701982477842449e+02 5.000000000000000104e-03 3.537155488621015746e-08
2.437721624508458547e+02 1.915291075767880380e-02 1.733021022976424924e-08
6.123040030329134424e+02 2.457316793964300639e-01 7.977668734809444954e-09
3.721098284978597235e+02 7.166519688087093221e-02 1.081147729749699111e-08
1.146645887345820540e+02 6.046672738333570829e-03 1.369026592257587904e-08
3.132202614895287525e+02 5.876724674051814201e-02 9.430682803827200924e-09
4.690471997027545967e+02 5.664168690463666084e-02 1.370241555396135487e-08
